<?xml version="1.0" encoding="utf-8"?>
<UntoldEngine xmlns="" version="0.0.2">
<asset>
<meshes>
<!--Start of Mesh Data-->
<mesh name="astronaut" vertex_count="8010" index_count="8010">
<animations>
<modeler_animation_transform>1.000000 0.000000 -0.000000 0.000000 0.000000 -0.000000 1.000000 -0.000000 -0.000000 1.000000 0.000000 -0.000000 0.000000 -0.000000 0.000000 1.000000</modeler_animation_transform>
<animation name="walking" fps="24.000000">
<keyframe time="0.042000">
<pose_matrix name="stomach">1.000000 0.000000 0.000000 0.000000 0.000000 0.000000 -1.000000 0.000000 0.000000 1.000000 0.000000 0.000000 0.000000 0.000000 0.000000 1.000000</pose_matrix>
<pose_matrix name="chest">1.000000 0.000000 0.000000 0.000000 0.000000 1.000000 0.000000 0.147522 0.000000 0.000000 1.000000 0.000000 0.000000 0.000000 0.000000 1.000000</pose_matrix>
<pose_matrix name="head">0.998416 -0.056254 -0.000000 0.000000 0.056254 0.998416 -0.000000 0.174285 0.000000 -0.000000 1.000000 0.000000 0.000000 0.000000 0.000000 1.000000</pose_matrix>
<pose_matrix name="forarm.L">-0.189797 0.975079 0.114882 0.214336 0.096517 -0.097912 0.990504 0.178341 0.977068 0.199082 -0.075528 -0.022706 0.000000 0.000000 0.000000 1.000000</pose_matrix>
<pose_matrix name="arm.L">0.995149 0.019032 0.096517 -0.000000 -0.009536 0.995149 -0.097912 0.153901 -0.097912 0.096517 0.990504 -0.000000 0.000000 0.000000 0.000000 1.000000</pose_matrix>
<pose_matrix name="leg.L">0.999935 0.005545 0.005465 0.155844 0.003152 -0.930144 0.367180 -0.141926 0.006990 -0.367109 -0.930023 -0.017699 0.000000 0.000000 0.000000 1.000000</pose_matrix>
<pose_matrix name="knee.L">0.999970 -0.005466 -0.005522 -0.000000 0.005522 0.999934 0.010056 0.150757 0.005466 -0.010086 0.999934 0.000000 0.000000 0.000000 0.000000 1.000000</pose_matrix>
<pose_matrix name="foot.L">1.000000 -0.000000 0.000000 0.000000 -0.000000 0.253130 0.967432 0.111361 -0.000000 -0.967432 0.253130 0.000000 0.000000 0.000000 0.000000 1.000000</pose_matrix>
<pose_matrix name="forarm.R">0.183396 -0.979861 -0.078989 -0.225500 -0.096517 -0.097912 0.990504 0.178341 -0.978290 -0.174030 -0.112530 -0.022706 0.000000 0.000000 0.000000 1.000000</pose_matrix>
<pose_matrix name="arm.R">0.995149 -0.019032 -0.096517 0.000000 0.009536 0.995149 -0.097912 0.153901 0.097912 0.096517 0.990504 -0.000000 0.000000 0.000000 0.000000 1.000000</pose_matrix>
<pose_matrix name="leg.R">0.999935 -0.005505 -0.005466 -0.167008 -0.006686 -0.968891 -0.247396 -0.141926 -0.003804 0.247394 -0.968784 -0.017699 0.000000 0.000000 0.000000 1.000000</pose_matrix>
<pose_matrix name="knee.R">0.999970 0.005466 0.005522 -0.000000 -0.005522 0.999934 0.010056 0.150757 -0.005466 -0.010086 0.999934 0.000000 0.000000 0.000000 0.000000 1.000000</pose_matrix>
<pose_matrix name="foot.R">1.000000 0.000000 -0.000000 -0.000000 0.000000 0.253130 0.967432 0.111361 0.000000 -0.967432 0.253130 0.000000 0.000000 0.000000 0.000000 1.000000</pose_matrix>
</keyframe>
<keyframe time="0.208000">
<pose_matrix name="stomach">1.000000 0.000000 0.000000 0.000000 0.000000 0.000000 -1.000000 0.000000 0.000000 1.000000 0.000000 -0.022227 0.000000 0.000000 0.000000 1.000000</pose_matrix>
<pose_matrix name="chest">1.000000 0.000000 0.000000 0.000000 0.000000 1.000000 0.000000 0.147522 0.000000 0.000000 1.000000 0.000000 0.000000 0.000000 0.000000 1.000000</pose_matrix>
<pose_matrix name="head">0.999587 -0.028735 0.000006 0.000000 0.028735 0.999587 -0.000402 0.174285 0.000006 0.000402 1.000000 0.000000 0.000000 0.000000 0.000000 1.000000</pose_matrix>
<pose_matrix name="forarm.L">-0.083872 0.990810 0.106115 0.214336 0.096517 -0.097912 0.990504 0.178341 0.991791 0.093317 -0.087418 -0.022706 0.000000 0.000000 0.000000 1.000000</pose_matrix>
<pose_matrix name="arm.L">0.995149 0.019032 0.096517 0.000000 -0.009536 0.995149 -0.097912 0.153901 -0.097912 0.096517 0.990504 0.000000 0.000000 0.000000 0.000000 1.000000</pose_matrix>
<pose_matrix name="leg.L">0.999935 0.005535 0.005469 0.155844 0.004338 -0.980044 0.198735 -0.141926 0.006330 -0.198682 -0.979922 -0.017699 0.000000 0.000000 0.000000 1.000000</pose_matrix>
<pose_matrix name="knee.L">0.999970 -0.007520 -0.001815 0.000000 0.005489 0.855104 -0.518427 0.150757 0.005451 0.518402 0.855120 0.000000 0.000000 0.000000 0.000000 1.000000</pose_matrix>
<pose_matrix name="foot.L">1.000000 -0.000000 0.000000 -0.000000 -0.000000 0.253130 0.967432 0.111361 -0.000000 -0.967432 0.253130 -0.000000 0.000000 0.000000 0.000000 1.000000</pose_matrix>
<pose_matrix name="forarm.R">0.138267 -0.986820 -0.084075 -0.225500 -0.096517 -0.097912 0.990504 0.178341 -0.985681 -0.128840 -0.108783 -0.022706 0.000000 0.000000 0.000000 1.000000</pose_matrix>
<pose_matrix name="arm.R">0.995149 -0.019032 -0.096517 0.000000 0.009536 0.995149 -0.097912 0.153901 0.097912 0.096517 0.990504 -0.000000 0.000000 0.000000 0.000000 1.000000</pose_matrix>
<pose_matrix name="leg.R">0.999935 -0.005488 -0.005460 -0.167008 -0.007487 -0.865011 -0.501697 -0.141926 -0.001841 0.501662 -0.864924 -0.017699 0.000000 0.000000 0.000000 1.000000</pose_matrix>
<pose_matrix name="knee.R">0.999970 0.007495 0.001939 0.000000 -0.005494 0.863536 -0.504258 0.150757 -0.005454 0.504232 0.863551 -0.000000 0.000000 0.000000 0.000000 1.000000</pose_matrix>
<pose_matrix name="foot.R">1.000000 0.000000 -0.000000 0.000000 0.000000 0.253130 0.967432 0.111361 0.000000 -0.967432 0.253130 0.000000 0.000000 0.000000 0.000000 1.000000</pose_matrix>
</keyframe>
<keyframe time="0.375000">
<pose_matrix name="stomach">1.000000 0.000000 0.000000 0.000000 0.000000 0.000000 -1.000000 0.000000 0.000000 1.000000 0.000000 0.006350 0.000000 0.000000 0.000000 1.000000</pose_matrix>
<pose_matrix name="chest">1.000000 0.000000 0.000000 0.000000 0.000000 1.000000 0.000000 0.147522 0.000000 0.000000 1.000000 0.000000 0.000000 0.000000 0.000000 1.000000</pose_matrix>
<pose_matrix name="head">1.000000 0.000000 0.000000 0.000000 0.000000 1.000000 0.000000 0.174285 0.000000 0.000000 1.000000 0.000000 0.000000 0.000000 0.000000 1.000000</pose_matrix>
<pose_matrix name="forarm.L">0.019032 0.995149 0.096517 0.214336 0.096517 -0.097912 0.990504 0.178341 0.995149 -0.009536 -0.097912 -0.022706 0.000000 0.000000 0.000000 1.000000</pose_matrix>
<pose_matrix name="arm.L">0.995149 0.019032 0.096517 -0.000000 -0.009536 0.995149 -0.097912 0.153901 -0.097912 0.096517 0.990504 0.000000 0.000000 0.000000 0.000000 1.000000</pose_matrix>
<pose_matrix name="leg.L">0.999935 0.005512 0.005466 0.155844 0.006172 -0.991635 -0.128924 -0.141926 0.004580 0.128937 -0.991522 -0.017699 0.000000 0.000000 0.000000 1.000000</pose_matrix>
<pose_matrix name="knee.L">0.999970 -0.007325 -0.002506 0.000000 0.005495 0.899583 -0.436716 0.150757 0.005453 0.436689 0.899596 0.000000 0.000000 0.000000 0.000000 1.000000</pose_matrix>
<pose_matrix name="foot.L">1.000000 -0.000000 0.000000 -0.000000 -0.000000 0.253130 0.967432 0.111361 -0.000000 -0.967432 0.253130 -0.000000 0.000000 0.000000 0.000000 1.000000</pose_matrix>
<pose_matrix name="forarm.R">0.019032 -0.995150 -0.096517 -0.225500 -0.096517 -0.097912 0.990504 0.178341 -0.995150 -0.009536 -0.097912 -0.022706 0.000000 0.000000 0.000000 1.000000</pose_matrix>
<pose_matrix name="arm.R">0.995149 -0.019032 -0.096517 -0.000000 0.009536 0.995149 -0.097912 0.153901 0.097912 0.096517 0.990504 -0.000000 0.000000 0.000000 0.000000 1.000000</pose_matrix>
<pose_matrix name="leg.R">0.999935 -0.005522 -0.005466 -0.167008 -0.005466 -0.999934 0.010086 -0.141926 -0.005391 -0.010055 -0.999816 -0.017699 0.000000 0.000000 0.000000 1.000000</pose_matrix>
<pose_matrix name="knee.R">0.999970 0.005466 0.005522 -0.000000 -0.005522 0.999934 0.010056 0.150757 -0.005466 -0.010086 0.999934 -0.000000 0.000000 0.000000 0.000000 1.000000</pose_matrix>
<pose_matrix name="foot.R">1.000000 0.000000 -0.000000 -0.000000 0.000000 0.253130 0.967432 0.111361 0.000000 -0.967432 0.253130 -0.000000 0.000000 0.000000 0.000000 1.000000</pose_matrix>
</keyframe>
<keyframe time="0.542000">
<pose_matrix name="stomach">1.000000 0.000000 0.000000 0.000000 0.000000 0.000000 -1.000000 0.000000 0.000000 1.000000 0.000000 0.015876 0.000000 0.000000 0.000000 1.000000</pose_matrix>
<pose_matrix name="chest">1.000000 0.000000 0.000000 0.000000 0.000000 1.000000 0.000000 0.147522 0.000000 0.000000 1.000000 0.000000 0.000000 0.000000 0.000000 1.000000</pose_matrix>
<pose_matrix name="head">0.999361 0.035752 0.000009 0.000000 -0.035752 0.999361 0.000501 0.174285 0.000009 -0.000501 1.000000 0.000000 0.000000 0.000000 0.000000 1.000000</pose_matrix>
<pose_matrix name="forarm.L">0.065307 0.993628 0.091857 0.214336 0.096517 -0.097912 0.990504 0.178341 0.993187 -0.055821 -0.102296 -0.022706 0.000000 0.000000 0.000000 1.000000</pose_matrix>
<pose_matrix name="arm.L">0.995149 0.019032 0.096517 0.000000 -0.009536 0.995150 -0.097912 0.153901 -0.097912 0.096517 0.990504 -0.000000 0.000000 0.000000 0.000000 1.000000</pose_matrix>
<pose_matrix name="leg.L">0.999935 0.005497 0.005464 0.155844 0.007098 -0.932676 -0.360645 -0.141926 0.002984 0.360629 -0.932577 -0.017699 0.000000 0.000000 0.000000 1.000000</pose_matrix>
<pose_matrix name="knee.L">0.999970 -0.007511 -0.001856 -0.000000 0.005491 0.857950 -0.513705 0.150757 0.005451 0.513679 0.857965 -0.000000 0.000000 0.000000 0.000000 1.000000</pose_matrix>
<pose_matrix name="foot.L">1.000000 -0.000000 0.000000 -0.000000 -0.000000 0.253130 0.967432 0.111361 -0.000000 -0.967432 0.253130 -0.000000 0.000000 0.000000 0.000000 1.000000</pose_matrix>
<pose_matrix name="forarm.R">-0.023239 -0.994657 -0.100587 -0.225500 -0.096517 -0.097912 0.990504 0.178341 -0.995060 0.032726 -0.093726 -0.022706 0.000000 0.000000 0.000000 1.000000</pose_matrix>
<pose_matrix name="arm.R">0.995149 -0.019032 -0.096517 0.000000 0.009536 0.995150 -0.097912 0.153901 0.097912 0.096517 0.990504 -0.000000 0.000000 0.000000 0.000000 1.000000</pose_matrix>
<pose_matrix name="leg.R">0.999935 -0.005532 -0.005465 -0.167008 -0.004534 -0.985748 0.168169 -0.141926 -0.006188 -0.168120 -0.985626 -0.017699 0.000000 0.000000 0.000000 1.000000</pose_matrix>
<pose_matrix name="knee.R">0.999970 0.005466 0.005522 -0.000000 -0.005522 0.999934 0.010056 0.150757 -0.005466 -0.010086 0.999934 0.000000 0.000000 0.000000 0.000000 1.000000</pose_matrix>
<pose_matrix name="foot.R">1.000000 0.000000 -0.000000 -0.000000 0.000000 0.253130 0.967432 0.111361 0.000000 -0.967432 0.253130 0.000000 0.000000 0.000000 0.000000 1.000000</pose_matrix>
</keyframe>
<keyframe time="0.708000">
<pose_matrix name="stomach">1.000000 0.000000 0.000000 0.000000 0.000000 0.000000 -1.000000 0.000000 0.000000 1.000000 0.000000 0.000000 0.000000 0.000000 0.000000 1.000000</pose_matrix>
<pose_matrix name="chest">1.000000 0.000000 0.000000 0.000000 0.000000 1.000000 0.000000 0.147522 0.000000 0.000000 1.000000 0.000000 0.000000 0.000000 0.000000 1.000000</pose_matrix>
<pose_matrix name="head">0.998416 0.056254 0.000000 0.000000 -0.056254 0.998416 -0.000000 0.174285 -0.000000 -0.000000 1.000000 0.000000 0.000000 0.000000 0.000000 1.000000</pose_matrix>
<pose_matrix name="forarm.L">0.183396 0.979861 0.078990 0.214336 0.096517 -0.097912 0.990504 0.178341 0.978290 -0.174030 -0.112530 -0.022706 0.000000 0.000000 0.000000 1.000000</pose_matrix>
<pose_matrix name="arm.L">0.995149 0.019032 0.096517 -0.000000 -0.009536 0.995149 -0.097912 0.153900 -0.097912 0.096517 0.990504 0.000000 0.000000 0.000000 0.000000 1.000000</pose_matrix>
<pose_matrix name="leg.L">0.999935 0.005505 0.005466 0.155844 0.006686 -0.968891 -0.247396 -0.141926 0.003804 0.247394 -0.968784 -0.017699 0.000000 0.000000 0.000000 1.000000</pose_matrix>
<pose_matrix name="knee.L">0.999970 -0.005466 -0.005522 0.000000 0.005522 0.999934 0.010056 0.150757 0.005466 -0.010086 0.999934 0.000000 0.000000 0.000000 0.000000 1.000000</pose_matrix>
<pose_matrix name="foot.L">1.000000 -0.000000 0.000000 0.000000 -0.000000 0.253130 0.967432 0.111361 -0.000000 -0.967432 0.253130 0.000000 0.000000 0.000000 0.000000 1.000000</pose_matrix>
<pose_matrix name="forarm.R">-0.189797 -0.975079 -0.114882 -0.225500 -0.096517 -0.097912 0.990504 0.178341 -0.977068 0.199083 -0.075528 -0.022706 0.000000 0.000000 0.000000 1.000000</pose_matrix>
<pose_matrix name="arm.R">0.995149 -0.019032 -0.096517 0.000000 0.009536 0.995149 -0.097912 0.153901 0.097912 0.096517 0.990504 0.000000 0.000000 0.000000 0.000000 1.000000</pose_matrix>
<pose_matrix name="leg.R">0.999935 -0.005545 -0.005465 -0.167008 -0.003152 -0.930144 0.367180 -0.141926 -0.006990 -0.367109 -0.930023 -0.017699 0.000000 0.000000 0.000000 1.000000</pose_matrix>
<pose_matrix name="knee.R">0.999970 0.005466 0.005522 -0.000000 -0.005522 0.999934 0.010056 0.150757 -0.005466 -0.010086 0.999934 0.000000 0.000000 0.000000 0.000000 1.000000</pose_matrix>
<pose_matrix name="foot.R">1.000000 0.000000 -0.000000 -0.000000 0.000000 0.253130 0.967432 0.111361 0.000000 -0.967432 0.253130 0.000000 0.000000 0.000000 0.000000 1.000000</pose_matrix>
</keyframe>
<keyframe time="0.875000">
<pose_matrix name="stomach">1.000000 0.000000 0.000000 0.000000 0.000000 0.000000 -1.000000 0.000000 0.000000 1.000000 0.000000 -0.022227 0.000000 0.000000 0.000000 1.000000</pose_matrix>
<pose_matrix name="chest">1.000000 0.000000 0.000000 0.000000 0.000000 1.000000 0.000000 0.147522 0.000000 0.000000 1.000000 0.000000 0.000000 0.000000 0.000000 1.000000</pose_matrix>
<pose_matrix name="head">0.999587 0.028735 -0.000006 0.000000 -0.028735 0.999587 -0.000402 0.174285 -0.000006 0.000402 1.000000 0.000000 0.000000 0.000000 0.000000 1.000000</pose_matrix>
<pose_matrix name="forarm.L">0.138267 0.986820 0.084075 0.214336 0.096517 -0.097912 0.990504 0.178341 0.985681 -0.128840 -0.108783 -0.022706 0.000000 0.000000 0.000000 1.000000</pose_matrix>
<pose_matrix name="arm.L">0.995149 0.019032 0.096517 0.000000 -0.009536 0.995149 -0.097912 0.153901 -0.097912 0.096517 0.990504 0.000000 0.000000 0.000000 0.000000 1.000000</pose_matrix>
<pose_matrix name="leg.L">0.999935 0.005488 0.005460 0.155844 0.007487 -0.865011 -0.501697 -0.141926 0.001841 0.501662 -0.864924 -0.017699 0.000000 0.000000 0.000000 1.000000</pose_matrix>
<pose_matrix name="knee.L">0.999970 -0.007495 -0.001939 -0.000000 0.005494 0.863536 -0.504258 0.150757 0.005454 0.504232 0.863551 -0.000000 0.000000 0.000000 0.000000 1.000000</pose_matrix>
<pose_matrix name="foot.L">1.000000 -0.000000 0.000000 -0.000000 -0.000000 0.253130 0.967432 0.111361 -0.000000 -0.967432 0.253130 0.000000 0.000000 0.000000 0.000000 1.000000</pose_matrix>
<pose_matrix name="forarm.R">-0.083872 -0.990811 -0.106115 -0.225500 -0.096517 -0.097912 0.990504 0.178341 -0.991792 0.093317 -0.087418 -0.022706 0.000000 0.000000 0.000000 1.000000</pose_matrix>
<pose_matrix name="arm.R">0.995149 -0.019032 -0.096517 -0.000000 0.009536 0.995149 -0.097912 0.153901 0.097912 0.096517 0.990504 0.000000 0.000000 0.000000 0.000000 1.000000</pose_matrix>
<pose_matrix name="leg.R">0.999935 -0.005535 -0.005469 -0.167008 -0.004338 -0.980044 0.198735 -0.141926 -0.006330 -0.198682 -0.979922 -0.017699 0.000000 0.000000 0.000000 1.000000</pose_matrix>
<pose_matrix name="knee.R">0.999970 0.007520 0.001815 -0.000000 -0.005489 0.855104 -0.518427 0.150757 -0.005451 0.518402 0.855120 0.000000 0.000000 0.000000 0.000000 1.000000</pose_matrix>
<pose_matrix name="foot.R">1.000000 0.000000 -0.000000 0.000000 0.000000 0.253130 0.967432 0.111361 0.000000 -0.967432 0.253130 -0.000000 0.000000 0.000000 0.000000 1.000000</pose_matrix>
</keyframe>
<keyframe time="1.042000">
<pose_matrix name="stomach">1.000000 0.000000 0.000000 0.000000 0.000000 0.000000 -1.000000 0.000000 0.000000 1.000000 0.000000 0.006350 0.000000 0.000000 0.000000 1.000000</pose_matrix>
<pose_matrix name="chest">1.000000 0.000000 0.000000 0.000000 0.000000 1.000000 0.000000 0.147522 0.000000 0.000000 1.000000 0.000000 0.000000 0.000000 0.000000 1.000000</pose_matrix>
<pose_matrix name="head">1.000000 0.000000 0.000000 0.000000 0.000000 1.000000 0.000000 0.174285 0.000000 0.000000 1.000000 0.000000 0.000000 0.000000 0.000000 1.000000</pose_matrix>
<pose_matrix name="forarm.L">0.019032 0.995149 0.096517 0.214336 0.096517 -0.097912 0.990504 0.178341 0.995149 -0.009536 -0.097912 -0.022706 0.000000 0.000000 0.000000 1.000000</pose_matrix>
<pose_matrix name="arm.L">0.995149 0.019032 0.096517 -0.000000 -0.009536 0.995149 -0.097912 0.153901 -0.097912 0.096517 0.990504 0.000000 0.000000 0.000000 0.000000 1.000000</pose_matrix>
<pose_matrix name="leg.L">0.999935 0.005522 0.005466 0.155844 0.005466 -0.999934 0.010086 -0.141926 0.005391 -0.010055 -0.999816 -0.017699 0.000000 0.000000 0.000000 1.000000</pose_matrix>
<pose_matrix name="knee.L">0.999970 -0.005466 -0.005522 -0.000000 0.005522 0.999934 0.010056 0.150757 0.005466 -0.010086 0.999934 -0.000000 0.000000 0.000000 0.000000 1.000000</pose_matrix>
<pose_matrix name="foot.L">1.000000 -0.000000 0.000000 0.000000 -0.000000 0.253130 0.967432 0.111361 -0.000000 -0.967432 0.253130 -0.000000 0.000000 0.000000 0.000000 1.000000</pose_matrix>
<pose_matrix name="forarm.R">0.019032 -0.995150 -0.096517 -0.225500 -0.096517 -0.097912 0.990504 0.178341 -0.995150 -0.009536 -0.097912 -0.022706 0.000000 0.000000 0.000000 1.000000</pose_matrix>
<pose_matrix name="arm.R">0.995149 -0.019032 -0.096517 -0.000000 0.009536 0.995149 -0.097912 0.153901 0.097912 0.096517 0.990504 -0.000000 0.000000 0.000000 0.000000 1.000000</pose_matrix>
<pose_matrix name="leg.R">0.999935 -0.005512 -0.005466 -0.167008 -0.006172 -0.991635 -0.128924 -0.141926 -0.004580 0.128937 -0.991522 -0.017699 0.000000 0.000000 0.000000 1.000000</pose_matrix>
<pose_matrix name="knee.R">0.999970 0.007325 0.002506 -0.000000 -0.005495 0.899583 -0.436716 0.150757 -0.005453 0.436689 0.899596 0.000000 0.000000 0.000000 0.000000 1.000000</pose_matrix>
<pose_matrix name="foot.R">1.000000 0.000000 -0.000000 -0.000000 0.000000 0.253130 0.967432 0.111361 0.000000 -0.967432 0.253130 -0.000000 0.000000 0.000000 0.000000 1.000000</pose_matrix>
</keyframe>
<keyframe time="1.208000">
<pose_matrix name="stomach">1.000000 0.000000 0.000000 0.000000 0.000000 0.000000 -1.000000 0.000000 0.000000 1.000000 0.000000 0.015876 0.000000 0.000000 0.000000 1.000000</pose_matrix>
<pose_matrix name="chest">1.000000 0.000000 0.000000 0.000000 0.000000 1.000000 0.000000 0.147522 0.000000 0.000000 1.000000 0.000000 0.000000 0.000000 0.000000 1.000000</pose_matrix>
<pose_matrix name="head">0.999361 -0.035752 -0.000009 0.000000 0.035752 0.999361 0.000501 0.174285 -0.000009 -0.000501 1.000000 0.000000 0.000000 0.000000 0.000000 1.000000</pose_matrix>
<pose_matrix name="forarm.L">-0.023239 0.994657 0.100587 0.214336 0.096517 -0.097912 0.990504 0.178341 0.995060 0.032726 -0.093726 -0.022706 0.000000 0.000000 0.000000 1.000000</pose_matrix>
<pose_matrix name="arm.L">0.995149 0.019032 0.096517 0.000000 -0.009536 0.995149 -0.097912 0.153901 -0.097912 0.096517 0.990504 0.000000 0.000000 0.000000 0.000000 1.000000</pose_matrix>
<pose_matrix name="leg.L">0.999935 0.005532 0.005465 0.155844 0.004534 -0.985748 0.168169 -0.141926 0.006188 -0.168120 -0.985626 -0.017699 0.000000 0.000000 0.000000 1.000000</pose_matrix>
<pose_matrix name="knee.L">0.999970 -0.005466 -0.005522 -0.000000 0.005522 0.999934 0.010056 0.150757 0.005466 -0.010086 0.999934 0.000000 0.000000 0.000000 0.000000 1.000000</pose_matrix>
<pose_matrix name="foot.L">1.000000 -0.000000 0.000000 0.000000 -0.000000 0.253130 0.967432 0.111361 -0.000000 -0.967432 0.253130 0.000000 0.000000 0.000000 0.000000 1.000000</pose_matrix>
<pose_matrix name="forarm.R">0.065307 -0.993629 -0.091857 -0.225500 -0.096517 -0.097912 0.990504 0.178341 -0.993187 -0.055821 -0.102296 -0.022706 0.000000 0.000000 0.000000 1.000000</pose_matrix>
<pose_matrix name="arm.R">0.995149 -0.019032 -0.096517 0.000000 0.009536 0.995149 -0.097912 0.153901 0.097912 0.096517 0.990504 0.000000 0.000000 0.000000 0.000000 1.000000</pose_matrix>
<pose_matrix name="leg.R">0.999935 -0.005497 -0.005464 -0.167008 -0.007098 -0.932676 -0.360645 -0.141926 -0.002984 0.360629 -0.932577 -0.017699 0.000000 0.000000 0.000000 1.000000</pose_matrix>
<pose_matrix name="knee.R">0.999970 0.007511 0.001856 0.000000 -0.005491 0.857950 -0.513705 0.150757 -0.005451 0.513679 0.857965 -0.000000 0.000000 0.000000 0.000000 1.000000</pose_matrix>
<pose_matrix name="foot.R">1.000000 0.000000 -0.000000 -0.000000 0.000000 0.253130 0.967432 0.111361 0.000000 -0.967432 0.253130 -0.000000 0.000000 0.000000 0.000000 1.000000</pose_matrix>
</keyframe>
<keyframe time="1.375000">
<pose_matrix name="stomach">1.000000 0.000000 0.000000 0.000000 0.000000 0.000000 -1.000000 0.000000 0.000000 1.000000 0.000000 0.000000 0.000000 0.000000 0.000000 1.000000</pose_matrix>
<pose_matrix name="chest">1.000000 0.000000 0.000000 0.000000 0.000000 1.000000 0.000000 0.147522 0.000000 0.000000 1.000000 0.000000 0.000000 0.000000 0.000000 1.000000</pose_matrix>
<pose_matrix name="head">0.998416 -0.056254 -0.000000 0.000000 0.056254 0.998416 -0.000000 0.174285 0.000000 -0.000000 1.000000 0.000000 0.000000 0.000000 0.000000 1.000000</pose_matrix>
<pose_matrix name="forarm.L">-0.189797 0.975079 0.114882 0.214336 0.096517 -0.097912 0.990504 0.178341 0.977068 0.199082 -0.075528 -0.022706 0.000000 0.000000 0.000000 1.000000</pose_matrix>
<pose_matrix name="arm.L">0.995149 0.019032 0.096517 -0.000000 -0.009536 0.995149 -0.097912 0.153901 -0.097912 0.096517 0.990504 -0.000000 0.000000 0.000000 0.000000 1.000000</pose_matrix>
<pose_matrix name="leg.L">0.999935 0.005545 0.005465 0.155844 0.003152 -0.930144 0.367180 -0.141926 0.006990 -0.367109 -0.930023 -0.017699 0.000000 0.000000 0.000000 1.000000</pose_matrix>
<pose_matrix name="knee.L">0.999970 -0.005466 -0.005522 -0.000000 0.005522 0.999934 0.010056 0.150757 0.005466 -0.010086 0.999934 0.000000 0.000000 0.000000 0.000000 1.000000</pose_matrix>
<pose_matrix name="foot.L">1.000000 -0.000000 0.000000 0.000000 -0.000000 0.253130 0.967432 0.111361 -0.000000 -0.967432 0.253130 0.000000 0.000000 0.000000 0.000000 1.000000</pose_matrix>
<pose_matrix name="forarm.R">0.183396 -0.979861 -0.078989 -0.225500 -0.096517 -0.097912 0.990504 0.178341 -0.978290 -0.174030 -0.112530 -0.022706 0.000000 0.000000 0.000000 1.000000</pose_matrix>
<pose_matrix name="arm.R">0.995149 -0.019032 -0.096517 0.000000 0.009536 0.995149 -0.097912 0.153901 0.097912 0.096517 0.990504 -0.000000 0.000000 0.000000 0.000000 1.000000</pose_matrix>
<pose_matrix name="leg.R">0.999935 -0.005505 -0.005466 -0.167008 -0.006686 -0.968891 -0.247396 -0.141926 -0.003804 0.247394 -0.968784 -0.017699 0.000000 0.000000 0.000000 1.000000</pose_matrix>
<pose_matrix name="knee.R">0.999970 0.005466 0.005522 -0.000000 -0.005522 0.999934 0.010056 0.150757 -0.005466 -0.010086 0.999934 0.000000 0.000000 0.000000 0.000000 1.000000</pose_matrix>
<pose_matrix name="foot.R">1.000000 0.000000 -0.000000 -0.000000 0.000000 0.253130 0.967432 0.111361 0.000000 -0.967432 0.253130 0.000000 0.000000 0.000000 0.000000 1.000000</pose_matrix>
</keyframe>
</animation>
</animations>
</mesh>
</meshes>
</asset>
</UntoldEngine>
