<?xml version="1.0" encoding="utf-8"?>
<UntoldEngine xmlns="" version="0.0.1">
<asset>
<meshes>
<mesh name="player" vertex_count="8676" index_count="8676">
<animations>
<modeler_animation_transform>1.000000 0.000000 -0.000000 0.000000 0.000000 -0.000000 1.000000 -0.000000 -0.000000 1.000000 0.000000 -0.000000 0.000000 -0.000000 0.000000 1.000000</modeler_animation_transform>

<animation name="idle" fps="24.000000">
<keyframe time="0.000000">
<pose_matrix name="stomach">1.000000 0.000000 0.000000 0.000000 0.000000 0.000000 -1.000000 0.000000 0.000000 1.000000 0.000000 0.000000 0.000000 0.000000 0.000000 1.000000</pose_matrix>
<pose_matrix name="chest">1.000000 0.000000 0.000000 0.000000 -0.000000 0.972066 0.234710 0.509250 -0.000000 -0.234710 0.972066 0.000000 0.000000 0.000000 0.000000 1.000000</pose_matrix>
<pose_matrix name="neck">1.000000 -0.000000 0.000000 -0.000000 0.000000 0.930156 -0.367165 0.570118 0.000000 0.367165 0.930156 0.000000 0.000000 0.000000 0.000000 1.000000</pose_matrix>
<pose_matrix name="head">1.000000 0.000000 0.000000 -0.000000 -0.000000 0.999097 0.042488 0.134712 0.000000 -0.042488 0.999097 0.000000 0.000000 0.000000 0.000000 1.000000</pose_matrix>
<pose_matrix name="upperArm.L">0.547877 0.371036 0.749776 0.477390 0.284156 -0.925512 0.250364 0.826684 0.786820 0.075885 -0.612499 -0.212825 0.000000 0.000000 0.000000 1.000000</pose_matrix>
<pose_matrix name="lowerArm.L">0.987597 0.147891 -0.052724 -0.000000 -0.135247 0.971881 0.192758 0.546237 0.079748 -0.183237 0.979829 0.000000 0.000000 0.000000 0.000000 1.000000</pose_matrix>
<pose_matrix name="hand.L">0.995867 0.018374 -0.088948 -0.000000 -0.009437 0.994955 0.099876 0.498866 0.090334 -0.098624 0.991016 -0.000000 0.000000 0.000000 0.000000 1.000000</pose_matrix>
<pose_matrix name="upperLeg.L">0.977073 0.113879 0.179835 0.184520 0.114735 -0.993379 0.005648 -0.365986 0.179287 0.015116 -0.983680 -0.148761 0.000000 0.000000 0.000000 1.000000</pose_matrix>
<pose_matrix name="lowerLeg.L">0.996429 -0.068548 -0.049295 -0.000000 0.064410 0.994620 -0.081129 0.817255 0.054592 0.077664 0.995484 0.000000 0.000000 0.000000 0.000000 1.000000</pose_matrix>
<pose_matrix name="foot.L">0.983990 0.128041 0.123973 0.000000 -0.167535 0.427257 0.888473 0.985976 0.060793 -0.895018 0.441868 -0.000000 0.000000 0.000000 0.000000 1.000000</pose_matrix>
<pose_matrix name="toe.L">0.929724 0.081173 0.359199 -0.000000 -0.204152 0.925408 0.319284 0.302710 -0.306489 -0.370177 0.876946 -0.000000 0.000000 0.000000 0.000000 1.000000</pose_matrix>
<pose_matrix name="upperArm.R">0.542672 -0.387638 -0.745147 -0.477390 -0.293974 -0.918683 0.263821 0.826684 -0.786821 0.075885 -0.612499 -0.212825 0.000000 0.000000 0.000000 1.000000</pose_matrix>
<pose_matrix name="lowerArm.R">0.987597 -0.147891 0.052723 -0.000000 0.135247 0.971881 0.192758 0.546237 -0.079748 -0.183237 0.979829 0.000000 0.000000 0.000000 0.000000 1.000000</pose_matrix>
<pose_matrix name="hand.R">0.995867 -0.018374 0.088948 -0.000000 0.009437 0.994955 0.099876 0.498865 -0.090334 -0.098624 0.991016 0.000000 0.000000 0.000000 0.000000 1.000000</pose_matrix>
<pose_matrix name="upperLeg.R">0.977130 -0.113386 -0.179837 -0.184520 -0.114250 -0.993436 0.005558 -0.365986 -0.179287 0.015116 -0.983681 -0.148761 0.000000 0.000000 0.000000 1.000000</pose_matrix>
<pose_matrix name="lowerLeg.R">0.996429 0.068548 0.049296 0.000000 -0.064410 0.994620 -0.081129 0.817255 -0.054592 0.077664 0.995484 0.000000 0.000000 0.000000 0.000000 1.000000</pose_matrix>
<pose_matrix name="foot.R">0.983990 -0.128041 -0.123973 0.000000 0.167535 0.427256 0.888473 0.985975 -0.060793 -0.895018 0.441868 0.000000 0.000000 0.000000 0.000000 1.000000</pose_matrix>
<pose_matrix name="toe.R">0.929724 -0.081173 -0.359199 -0.000000 0.204152 0.925408 0.319284 0.302710 0.306489 -0.370177 0.876946 0.000000 0.000000 0.000000 0.000000 1.000000</pose_matrix>
</keyframe>
<keyframe time="0.208000">
<pose_matrix name="stomach">1.000000 0.000000 0.000000 0.000000 0.000000 0.000000 -1.000000 0.000000 0.000000 1.000000 0.000000 0.000000 0.000000 0.000000 0.000000 1.000000</pose_matrix>
<pose_matrix name="chest">1.000000 0.000000 0.000000 0.000000 -0.000000 0.972066 0.234710 0.509250 -0.000000 -0.234710 0.972066 0.000000 0.000000 0.000000 0.000000 1.000000</pose_matrix>
<pose_matrix name="neck">1.000000 -0.000000 0.000000 -0.000000 0.000000 0.930156 -0.367165 0.570118 0.000000 0.367165 0.930156 0.000000 0.000000 0.000000 0.000000 1.000000</pose_matrix>
<pose_matrix name="head">1.000000 0.000000 0.000000 -0.000000 -0.000000 0.999097 0.042488 0.134712 0.000000 -0.042488 0.999097 0.000000 0.000000 0.000000 0.000000 1.000000</pose_matrix>
<pose_matrix name="upperArm.L">0.547877 0.371036 0.749776 0.477390 0.284156 -0.925512 0.250364 0.826684 0.786820 0.075885 -0.612499 -0.212825 0.000000 0.000000 0.000000 1.000000</pose_matrix>
<pose_matrix name="lowerArm.L">0.987597 0.147891 -0.052724 -0.000000 -0.135247 0.971881 0.192758 0.546237 0.079748 -0.183237 0.979829 0.000000 0.000000 0.000000 0.000000 1.000000</pose_matrix>
<pose_matrix name="hand.L">0.995867 0.018374 -0.088948 -0.000000 -0.009437 0.994955 0.099876 0.498866 0.090334 -0.098624 0.991016 -0.000000 0.000000 0.000000 0.000000 1.000000</pose_matrix>
<pose_matrix name="upperLeg.L">0.977073 0.113879 0.179835 0.184520 0.114735 -0.993379 0.005648 -0.365986 0.179287 0.015116 -0.983680 -0.148761 0.000000 0.000000 0.000000 1.000000</pose_matrix>
<pose_matrix name="lowerLeg.L">0.996429 -0.068548 -0.049295 -0.000000 0.064410 0.994620 -0.081129 0.817255 0.054592 0.077664 0.995484 0.000000 0.000000 0.000000 0.000000 1.000000</pose_matrix>
<pose_matrix name="foot.L">0.983990 0.128041 0.123973 0.000000 -0.167535 0.427257 0.888473 0.985976 0.060793 -0.895018 0.441868 -0.000000 0.000000 0.000000 0.000000 1.000000</pose_matrix>
<pose_matrix name="toe.L">0.929724 0.081173 0.359199 -0.000000 -0.204152 0.925408 0.319284 0.302710 -0.306489 -0.370177 0.876946 -0.000000 0.000000 0.000000 0.000000 1.000000</pose_matrix>
<pose_matrix name="upperArm.R">0.542672 -0.387638 -0.745147 -0.477390 -0.293974 -0.918683 0.263821 0.826684 -0.786821 0.075885 -0.612499 -0.212825 0.000000 0.000000 0.000000 1.000000</pose_matrix>
<pose_matrix name="lowerArm.R">0.987597 -0.147891 0.052723 -0.000000 0.135247 0.971881 0.192758 0.546237 -0.079748 -0.183237 0.979829 0.000000 0.000000 0.000000 0.000000 1.000000</pose_matrix>
<pose_matrix name="hand.R">0.995867 -0.018374 0.088948 -0.000000 0.009437 0.994955 0.099876 0.498865 -0.090334 -0.098624 0.991016 0.000000 0.000000 0.000000 0.000000 1.000000</pose_matrix>
<pose_matrix name="upperLeg.R">0.977130 -0.113386 -0.179837 -0.184520 -0.114250 -0.993436 0.005558 -0.365986 -0.179287 0.015116 -0.983681 -0.148761 0.000000 0.000000 0.000000 1.000000</pose_matrix>
<pose_matrix name="lowerLeg.R">0.996429 0.068548 0.049296 0.000000 -0.064410 0.994620 -0.081129 0.817255 -0.054592 0.077664 0.995484 0.000000 0.000000 0.000000 0.000000 1.000000</pose_matrix>
<pose_matrix name="foot.R">0.983990 -0.128041 -0.123973 0.000000 0.167535 0.427256 0.888473 0.985975 -0.060793 -0.895018 0.441868 0.000000 0.000000 0.000000 0.000000 1.000000</pose_matrix>
<pose_matrix name="toe.R">0.929724 -0.081173 -0.359199 -0.000000 0.204152 0.925408 0.319284 0.302710 0.306489 -0.370177 0.876946 0.000000 0.000000 0.000000 0.000000 1.000000</pose_matrix>
</keyframe>
<keyframe time="0.375000">
<pose_matrix name="stomach">1.000000 0.000000 0.000000 0.000000 0.000000 0.000000 -1.000000 0.000000 0.000000 1.000000 0.000000 0.000000 0.000000 0.000000 0.000000 1.000000</pose_matrix>
<pose_matrix name="chest">1.000000 0.000000 0.000000 0.000000 -0.000000 0.972066 0.234710 0.509250 -0.000000 -0.234710 0.972066 0.000000 0.000000 0.000000 0.000000 1.000000</pose_matrix>
<pose_matrix name="neck">1.000000 -0.000000 0.000000 -0.000000 0.000000 0.930156 -0.367165 0.570118 0.000000 0.367165 0.930156 0.000000 0.000000 0.000000 0.000000 1.000000</pose_matrix>
<pose_matrix name="head">1.000000 0.000000 0.000000 -0.000000 -0.000000 0.999097 0.042488 0.134712 0.000000 -0.042488 0.999097 0.000000 0.000000 0.000000 0.000000 1.000000</pose_matrix>
<pose_matrix name="upperArm.L">0.547877 0.371036 0.749776 0.477390 0.284156 -0.925512 0.250364 0.826684 0.786820 0.075885 -0.612499 -0.212825 0.000000 0.000000 0.000000 1.000000</pose_matrix>
<pose_matrix name="lowerArm.L">0.987597 0.147891 -0.052724 -0.000000 -0.135247 0.971881 0.192758 0.546237 0.079748 -0.183237 0.979829 0.000000 0.000000 0.000000 0.000000 1.000000</pose_matrix>
<pose_matrix name="hand.L">0.995867 0.018374 -0.088948 -0.000000 -0.009437 0.994955 0.099876 0.498866 0.090334 -0.098624 0.991016 -0.000000 0.000000 0.000000 0.000000 1.000000</pose_matrix>
<pose_matrix name="upperLeg.L">0.977073 0.113879 0.179835 0.184520 0.114735 -0.993379 0.005648 -0.365986 0.179287 0.015116 -0.983680 -0.148761 0.000000 0.000000 0.000000 1.000000</pose_matrix>
<pose_matrix name="lowerLeg.L">0.996429 -0.068548 -0.049295 -0.000000 0.064410 0.994620 -0.081129 0.817255 0.054592 0.077664 0.995484 0.000000 0.000000 0.000000 0.000000 1.000000</pose_matrix>
<pose_matrix name="foot.L">0.983990 0.128041 0.123973 0.000000 -0.167535 0.427257 0.888473 0.985976 0.060793 -0.895018 0.441868 -0.000000 0.000000 0.000000 0.000000 1.000000</pose_matrix>
<pose_matrix name="toe.L">0.929724 0.081173 0.359199 -0.000000 -0.204152 0.925408 0.319284 0.302710 -0.306489 -0.370177 0.876946 -0.000000 0.000000 0.000000 0.000000 1.000000</pose_matrix>
<pose_matrix name="upperArm.R">0.542672 -0.387638 -0.745147 -0.477390 -0.293974 -0.918683 0.263821 0.826684 -0.786821 0.075885 -0.612499 -0.212825 0.000000 0.000000 0.000000 1.000000</pose_matrix>
<pose_matrix name="lowerArm.R">0.987597 -0.147891 0.052723 -0.000000 0.135247 0.971881 0.192758 0.546237 -0.079748 -0.183237 0.979829 0.000000 0.000000 0.000000 0.000000 1.000000</pose_matrix>
<pose_matrix name="hand.R">0.995867 -0.018374 0.088948 -0.000000 0.009437 0.994955 0.099876 0.498865 -0.090334 -0.098624 0.991016 0.000000 0.000000 0.000000 0.000000 1.000000</pose_matrix>
<pose_matrix name="upperLeg.R">0.977130 -0.113386 -0.179837 -0.184520 -0.114250 -0.993436 0.005558 -0.365986 -0.179287 0.015116 -0.983681 -0.148761 0.000000 0.000000 0.000000 1.000000</pose_matrix>
<pose_matrix name="lowerLeg.R">0.996429 0.068548 0.049296 0.000000 -0.064410 0.994620 -0.081129 0.817255 -0.054592 0.077664 0.995484 0.000000 0.000000 0.000000 0.000000 1.000000</pose_matrix>
<pose_matrix name="foot.R">0.983990 -0.128041 -0.123973 0.000000 0.167535 0.427256 0.888473 0.985975 -0.060793 -0.895018 0.441868 0.000000 0.000000 0.000000 0.000000 1.000000</pose_matrix>
<pose_matrix name="toe.R">0.929724 -0.081173 -0.359199 -0.000000 0.204152 0.925408 0.319284 0.302710 0.306489 -0.370177 0.876946 0.000000 0.000000 0.000000 0.000000 1.000000</pose_matrix>
</keyframe>
<keyframe time="0.542000">
<pose_matrix name="stomach">1.000000 0.000000 0.000000 0.000000 0.000000 0.000000 -1.000000 0.000000 0.000000 1.000000 0.000000 0.000000 0.000000 0.000000 0.000000 1.000000</pose_matrix>
<pose_matrix name="chest">1.000000 0.000000 0.000000 0.000000 -0.000000 0.972066 0.234710 0.509250 -0.000000 -0.234710 0.972066 0.000000 0.000000 0.000000 0.000000 1.000000</pose_matrix>
<pose_matrix name="neck">1.000000 -0.000000 0.000000 -0.000000 0.000000 0.930156 -0.367165 0.570118 0.000000 0.367165 0.930156 0.000000 0.000000 0.000000 0.000000 1.000000</pose_matrix>
<pose_matrix name="head">1.000000 0.000000 0.000000 -0.000000 -0.000000 0.999097 0.042488 0.134712 0.000000 -0.042488 0.999097 0.000000 0.000000 0.000000 0.000000 1.000000</pose_matrix>
<pose_matrix name="upperArm.L">0.547877 0.371036 0.749776 0.477390 0.284156 -0.925512 0.250364 0.826684 0.786820 0.075885 -0.612499 -0.212825 0.000000 0.000000 0.000000 1.000000</pose_matrix>
<pose_matrix name="lowerArm.L">0.987597 0.147891 -0.052724 -0.000000 -0.135247 0.971881 0.192758 0.546237 0.079748 -0.183237 0.979829 0.000000 0.000000 0.000000 0.000000 1.000000</pose_matrix>
<pose_matrix name="hand.L">0.995867 0.018374 -0.088948 -0.000000 -0.009437 0.994955 0.099876 0.498866 0.090334 -0.098624 0.991016 -0.000000 0.000000 0.000000 0.000000 1.000000</pose_matrix>
<pose_matrix name="upperLeg.L">0.977073 0.113879 0.179835 0.184520 0.114735 -0.993379 0.005648 -0.365986 0.179287 0.015116 -0.983680 -0.148761 0.000000 0.000000 0.000000 1.000000</pose_matrix>
<pose_matrix name="lowerLeg.L">0.996429 -0.068548 -0.049295 -0.000000 0.064410 0.994620 -0.081129 0.817255 0.054592 0.077664 0.995484 0.000000 0.000000 0.000000 0.000000 1.000000</pose_matrix>
<pose_matrix name="foot.L">0.983990 0.128041 0.123973 0.000000 -0.167535 0.427257 0.888473 0.985976 0.060793 -0.895018 0.441868 -0.000000 0.000000 0.000000 0.000000 1.000000</pose_matrix>
<pose_matrix name="toe.L">0.929724 0.081173 0.359199 -0.000000 -0.204152 0.925408 0.319284 0.302710 -0.306489 -0.370177 0.876946 -0.000000 0.000000 0.000000 0.000000 1.000000</pose_matrix>
<pose_matrix name="upperArm.R">0.542672 -0.387638 -0.745147 -0.477390 -0.293974 -0.918683 0.263821 0.826684 -0.786821 0.075885 -0.612499 -0.212825 0.000000 0.000000 0.000000 1.000000</pose_matrix>
<pose_matrix name="lowerArm.R">0.987597 -0.147891 0.052723 -0.000000 0.135247 0.971881 0.192758 0.546237 -0.079748 -0.183237 0.979829 0.000000 0.000000 0.000000 0.000000 1.000000</pose_matrix>
<pose_matrix name="hand.R">0.995867 -0.018374 0.088948 -0.000000 0.009437 0.994955 0.099876 0.498865 -0.090334 -0.098624 0.991016 0.000000 0.000000 0.000000 0.000000 1.000000</pose_matrix>
<pose_matrix name="upperLeg.R">0.977130 -0.113386 -0.179837 -0.184520 -0.114250 -0.993436 0.005558 -0.365986 -0.179287 0.015116 -0.983681 -0.148761 0.000000 0.000000 0.000000 1.000000</pose_matrix>
<pose_matrix name="lowerLeg.R">0.996429 0.068548 0.049296 0.000000 -0.064410 0.994620 -0.081129 0.817255 -0.054592 0.077664 0.995484 0.000000 0.000000 0.000000 0.000000 1.000000</pose_matrix>
<pose_matrix name="foot.R">0.983990 -0.128041 -0.123973 0.000000 0.167535 0.427256 0.888473 0.985975 -0.060793 -0.895018 0.441868 0.000000 0.000000 0.000000 0.000000 1.000000</pose_matrix>
<pose_matrix name="toe.R">0.929724 -0.081173 -0.359199 -0.000000 0.204152 0.925408 0.319284 0.302710 0.306489 -0.370177 0.876946 0.000000 0.000000 0.000000 0.000000 1.000000</pose_matrix>
</keyframe>
<keyframe time="0.708000">
<pose_matrix name="stomach">1.000000 0.000000 0.000000 0.000000 0.000000 0.000000 -1.000000 0.000000 0.000000 1.000000 0.000000 0.000000 0.000000 0.000000 0.000000 1.000000</pose_matrix>
<pose_matrix name="chest">1.000000 0.000000 0.000000 0.000000 -0.000000 0.972066 0.234710 0.509250 -0.000000 -0.234710 0.972066 0.000000 0.000000 0.000000 0.000000 1.000000</pose_matrix>
<pose_matrix name="neck">1.000000 -0.000000 0.000000 -0.000000 0.000000 0.930156 -0.367165 0.570118 0.000000 0.367165 0.930156 0.000000 0.000000 0.000000 0.000000 1.000000</pose_matrix>
<pose_matrix name="head">1.000000 0.000000 0.000000 -0.000000 -0.000000 0.999097 0.042488 0.134712 0.000000 -0.042488 0.999097 0.000000 0.000000 0.000000 0.000000 1.000000</pose_matrix>
<pose_matrix name="upperArm.L">0.547877 0.371036 0.749776 0.477390 0.284156 -0.925512 0.250364 0.826684 0.786820 0.075885 -0.612499 -0.212825 0.000000 0.000000 0.000000 1.000000</pose_matrix>
<pose_matrix name="lowerArm.L">0.987597 0.147891 -0.052724 -0.000000 -0.135247 0.971881 0.192758 0.546237 0.079748 -0.183237 0.979829 0.000000 0.000000 0.000000 0.000000 1.000000</pose_matrix>
<pose_matrix name="hand.L">0.995867 0.018374 -0.088948 -0.000000 -0.009437 0.994955 0.099876 0.498866 0.090334 -0.098624 0.991016 -0.000000 0.000000 0.000000 0.000000 1.000000</pose_matrix>
<pose_matrix name="upperLeg.L">0.977073 0.113879 0.179835 0.184520 0.114735 -0.993379 0.005648 -0.365986 0.179287 0.015116 -0.983680 -0.148761 0.000000 0.000000 0.000000 1.000000</pose_matrix>
<pose_matrix name="lowerLeg.L">0.996429 -0.068548 -0.049295 -0.000000 0.064410 0.994620 -0.081129 0.817255 0.054592 0.077664 0.995484 0.000000 0.000000 0.000000 0.000000 1.000000</pose_matrix>
<pose_matrix name="foot.L">0.983990 0.128041 0.123973 0.000000 -0.167535 0.427257 0.888473 0.985976 0.060793 -0.895018 0.441868 -0.000000 0.000000 0.000000 0.000000 1.000000</pose_matrix>
<pose_matrix name="toe.L">0.929724 0.081173 0.359199 -0.000000 -0.204152 0.925408 0.319284 0.302710 -0.306489 -0.370177 0.876946 -0.000000 0.000000 0.000000 0.000000 1.000000</pose_matrix>
<pose_matrix name="upperArm.R">0.542672 -0.387638 -0.745147 -0.477390 -0.293974 -0.918683 0.263821 0.826684 -0.786821 0.075885 -0.612499 -0.212825 0.000000 0.000000 0.000000 1.000000</pose_matrix>
<pose_matrix name="lowerArm.R">0.987597 -0.147891 0.052723 -0.000000 0.135247 0.971881 0.192758 0.546237 -0.079748 -0.183237 0.979829 0.000000 0.000000 0.000000 0.000000 1.000000</pose_matrix>
<pose_matrix name="hand.R">0.995867 -0.018374 0.088948 -0.000000 0.009437 0.994955 0.099876 0.498865 -0.090334 -0.098624 0.991016 0.000000 0.000000 0.000000 0.000000 1.000000</pose_matrix>
<pose_matrix name="upperLeg.R">0.977130 -0.113386 -0.179837 -0.184520 -0.114250 -0.993436 0.005558 -0.365986 -0.179287 0.015116 -0.983681 -0.148761 0.000000 0.000000 0.000000 1.000000</pose_matrix>
<pose_matrix name="lowerLeg.R">0.996429 0.068548 0.049296 0.000000 -0.064410 0.994620 -0.081129 0.817255 -0.054592 0.077664 0.995484 0.000000 0.000000 0.000000 0.000000 1.000000</pose_matrix>
<pose_matrix name="foot.R">0.983990 -0.128041 -0.123973 0.000000 0.167535 0.427256 0.888473 0.985975 -0.060793 -0.895018 0.441868 0.000000 0.000000 0.000000 0.000000 1.000000</pose_matrix>
<pose_matrix name="toe.R">0.929724 -0.081173 -0.359199 -0.000000 0.204152 0.925408 0.319284 0.302710 0.306489 -0.370177 0.876946 0.000000 0.000000 0.000000 0.000000 1.000000</pose_matrix>
</keyframe>
</animation>
</animations>
</mesh>

</meshes>

<point_lights>

<point_light name="Lamp">
<falloff_distance>29.999983</falloff_distance>
<energy>1.000000</energy>
<linear_attenuation>0.000000</linear_attenuation>
<quadratic_attenuation>1.000000</quadratic_attenuation>
<light_color>1.000000 1.000000 1.000000 1.0</light_color>
<local_matrix>-0.290865 -0.771101 0.566393 4.076245 -0.055189 0.604525 0.794672 5.903862 0.955171 -0.199883 0.218391 1.005454 0.000000 0.000000 0.000000 1.000000</local_matrix>
</point_light>

</point_lights>

</asset>
</UntoldEngine>

