<?xml version="1.0" encoding="utf-8"?>
<UntoldEngine xmlns="" version="0.0.2">
<asset>
<meshes>
<!--Start of Mesh Data-->
<mesh name="soldier0" vertex_count="6456" index_count="6456">
<animations>
<modeler_animation_transform>1.000000 0.000000 -0.000000 0.000000 0.000000 -0.000000 1.000000 -0.000000 -0.000000 1.000000 0.000000 -0.000000 0.000000 -0.000000 0.000000 1.000000</modeler_animation_transform>
<animation name="idle" fps="24.000000" keyframe_count="3">
<keyframe time="0.000000" bone_count="28">
<pose_matrix name="stomach">1.000000 0.000000 0.000000 0.000000 0.000000 0.000000 -1.000000 0.000000 0.000000 1.000000 0.000000 0.000000 0.000000 0.000000 0.000000 1.000000</pose_matrix>
<pose_matrix name="chest">1.000000 0.000000 0.000000 0.000000 0.000000 1.000000 0.000000 0.289461 0.000000 0.000000 1.000000 0.000000 0.000000 0.000000 0.000000 1.000000</pose_matrix>
<pose_matrix name="neck">1.000000 0.000000 0.000000 0.000000 0.000000 1.000000 0.000000 0.228112 0.000000 0.000000 1.000000 0.000000 0.000000 0.000000 0.000000 1.000000</pose_matrix>
<pose_matrix name="head">1.000000 0.000000 0.000000 0.000000 0.000000 1.000000 0.000000 0.104886 0.000000 0.000000 1.000000 0.000000 0.000000 0.000000 0.000000 1.000000</pose_matrix>
<pose_matrix name="forearm.L">-0.481858 -0.077609 0.872805 0.183063 0.712088 -0.615137 0.338432 0.184939 0.510630 0.784591 0.351674 -0.042084 0.000000 0.000000 0.000000 1.000000</pose_matrix>
<pose_matrix name="arm.L">0.911697 0.242469 0.331688 0.000000 -0.382856 0.794317 0.471680 0.329239 -0.149098 -0.557018 0.817007 -0.000000 0.000000 0.000000 0.000000 1.000000</pose_matrix>
<pose_matrix name="wrist.L">0.523338 0.117476 -0.843989 0.000000 0.199375 0.946079 0.255314 0.235817 0.828473 -0.301885 0.471697 0.000000 0.000000 0.000000 0.000000 1.000000</pose_matrix>
<pose_matrix name="indexlongjoint.L">0.982519 -0.186163 0.000000 0.000000 0.186163 0.982519 -0.000000 0.075364 0.000000 -0.000000 1.000000 -0.000000 0.000000 0.000000 0.000000 1.000000</pose_matrix>
<pose_matrix name="indexsmalljoint.L">0.999264 0.038356 0.000000 0.000000 -0.038356 0.999264 0.000000 0.107572 0.000000 0.000000 1.000000 -0.000000 0.000000 0.000000 0.000000 1.000000</pose_matrix>
<pose_matrix name="middlelongjoint.L">0.930464 0.366384 0.000000 0.000000 -0.366384 0.930464 -0.000000 0.075364 -0.000000 -0.000000 1.000000 -0.000000 0.000000 0.000000 0.000000 1.000000</pose_matrix>
<pose_matrix name="middlesmalljoint.L">0.985984 -0.166840 0.000000 0.000000 0.166840 0.985984 -0.000000 0.125060 -0.000000 -0.000000 1.000000 -0.000000 0.000000 0.000000 0.000000 1.000000</pose_matrix>
<pose_matrix name="thumblongjoint.L">0.540789 0.813535 -0.213793 0.000000 -0.568409 0.540789 0.620047 0.075364 0.620047 -0.213793 0.754874 -0.000000 0.000000 0.000000 0.000000 1.000000</pose_matrix>
<pose_matrix name="thumbsmalljoint.L">0.840860 -0.534603 -0.084586 -0.000000 0.511440 0.835932 -0.199118 0.104845 0.177158 0.124170 0.976318 -0.000000 0.000000 0.000000 0.000000 1.000000</pose_matrix>
<pose_matrix name="forearm.R">0.086124 -0.278554 -0.956551 -0.183073 0.225043 -0.929865 0.291045 0.184939 -0.970535 -0.240332 -0.017397 -0.042084 0.000000 0.000000 0.000000 1.000000</pose_matrix>
<pose_matrix name="arm.R">-0.140920 -0.974295 -0.175759 -0.000000 0.957412 -0.179302 0.226303 0.329239 -0.252000 -0.136383 0.958069 -0.000000 0.000000 0.000000 0.000000 1.000000</pose_matrix>
<pose_matrix name="wrist.R">0.999998 -0.002001 0.000062 -0.000000 0.001997 0.999030 0.043979 0.235816 -0.000150 -0.043979 0.999032 0.000000 0.000000 0.000000 0.000000 1.000000</pose_matrix>
<pose_matrix name="indexlongjoint.R">0.982519 0.186163 -0.000000 -0.000000 -0.186163 0.982519 0.000000 0.075364 0.000000 -0.000000 1.000000 0.000000 0.000000 0.000000 0.000000 1.000000</pose_matrix>
<pose_matrix name="indexsmalljoint.R">0.999264 -0.038356 0.000000 0.000000 0.038356 0.999264 -0.000000 0.107572 -0.000000 -0.000000 1.000000 -0.000000 0.000000 0.000000 0.000000 1.000000</pose_matrix>
<pose_matrix name="middlelongjoint.R">0.930464 -0.366384 0.000000 -0.000000 0.366384 0.930464 0.000000 0.075364 -0.000000 -0.000000 1.000000 0.000000 0.000000 0.000000 0.000000 1.000000</pose_matrix>
<pose_matrix name="middlesmalljoint.R">0.985984 0.166839 -0.000000 -0.000000 -0.166839 0.985984 -0.000000 0.125060 0.000000 -0.000000 1.000000 -0.000000 0.000000 0.000000 0.000000 1.000000</pose_matrix>
<pose_matrix name="thumblongjoint.R">0.540790 -0.813535 0.213793 -0.000000 0.568409 0.540790 0.620046 0.075364 -0.620046 -0.213793 0.754875 0.000000 0.000000 0.000000 0.000000 1.000000</pose_matrix>
<pose_matrix name="thumbsmalljoint.R">0.840859 0.534603 0.084588 0.000000 -0.511439 0.835932 -0.199117 0.104845 -0.177159 0.124168 0.976318 0.000000 0.000000 0.000000 0.000000 1.000000</pose_matrix>
<pose_matrix name="tigh.L">0.987949 0.136378 0.072881 0.088920 0.135947 -0.990657 0.010840 -0.076231 0.073669 -0.000802 -0.997281 -0.026843 0.000000 0.000000 0.000000 1.000000</pose_matrix>
<pose_matrix name="calf.L">0.982439 -0.072688 -0.171845 -0.000000 0.071261 0.997353 -0.014463 0.387619 0.172441 0.001963 0.985018 -0.000000 0.000000 0.000000 0.000000 1.000000</pose_matrix>
<pose_matrix name="foot.L">0.971102 0.229574 -0.065247 -0.000000 -0.004547 0.291131 0.956672 0.393868 0.238622 -0.928730 0.283762 0.000000 0.000000 0.000000 0.000000 1.000000</pose_matrix>
<pose_matrix name="tigh.R">0.991845 -0.106485 -0.069711 -0.088930 -0.100637 -0.991489 0.082591 -0.076231 -0.077903 -0.074904 -0.994142 -0.026843 0.000000 0.000000 0.000000 1.000000</pose_matrix>
<pose_matrix name="calf.R">0.994665 0.073322 0.072557 -0.000000 -0.073458 0.997298 -0.000783 0.387619 -0.072418 -0.004551 0.997364 0.000000 0.000000 0.000000 0.000000 1.000000</pose_matrix>
<pose_matrix name="foot.R">1.000000 -0.000002 0.000000 0.000000 0.000000 0.276812 0.960924 0.393868 -0.000002 -0.960924 0.276812 -0.000000 0.000000 0.000000 0.000000 1.000000</pose_matrix>
</keyframe>
<keyframe time="1.833000" bone_count="28">
<pose_matrix name="stomach">1.000000 0.000000 0.000000 0.000000 0.000000 0.000000 -1.000000 0.000000 0.000000 1.000000 0.000000 0.000000 0.000000 0.000000 0.000000 1.000000</pose_matrix>
<pose_matrix name="chest">1.000000 -0.000000 0.000000 0.000000 0.000000 0.997953 -0.063953 0.289461 0.000000 0.063953 0.997953 0.000000 0.000000 0.000000 0.000000 1.000000</pose_matrix>
<pose_matrix name="neck">1.000000 0.000000 -0.000000 0.000000 -0.000000 1.000000 0.000000 0.228112 0.000000 0.000000 1.000000 0.000000 0.000000 0.000000 0.000000 1.000000</pose_matrix>
<pose_matrix name="head">1.000000 0.000000 -0.000000 0.000000 -0.000000 1.000000 0.000000 0.104886 0.000000 0.000000 1.000000 -0.000000 0.000000 0.000000 0.000000 1.000000</pose_matrix>
<pose_matrix name="forearm.L">-0.481858 -0.077609 0.872805 0.183063 0.712088 -0.615137 0.338432 0.184939 0.510630 0.784591 0.351674 -0.042084 0.000000 0.000000 0.000000 1.000000</pose_matrix>
<pose_matrix name="arm.L">0.911697 0.242469 0.331688 0.000000 -0.382856 0.794317 0.471680 0.329239 -0.149098 -0.557018 0.817007 0.000000 0.000000 0.000000 0.000000 1.000000</pose_matrix>
<pose_matrix name="wrist.L">0.523338 0.117476 -0.843989 0.000000 0.199375 0.946078 0.255314 0.235817 0.828473 -0.301886 0.471697 -0.000000 0.000000 0.000000 0.000000 1.000000</pose_matrix>
<pose_matrix name="indexlongjoint.L">0.982519 -0.186163 -0.000000 0.000000 0.186163 0.982519 0.000000 0.075364 -0.000000 0.000000 1.000000 0.000000 0.000000 0.000000 0.000000 1.000000</pose_matrix>
<pose_matrix name="indexsmalljoint.L">0.999264 0.038356 0.000000 -0.000000 -0.038356 0.999264 0.000000 0.107572 0.000000 0.000000 1.000000 -0.000000 0.000000 0.000000 0.000000 1.000000</pose_matrix>
<pose_matrix name="middlelongjoint.L">0.930464 0.366384 -0.000000 0.000000 -0.366384 0.930464 0.000000 0.075364 -0.000000 -0.000000 1.000000 0.000000 0.000000 0.000000 0.000000 1.000000</pose_matrix>
<pose_matrix name="middlesmalljoint.L">0.985984 -0.166840 0.000000 0.000000 0.166840 0.985984 0.000000 0.125060 -0.000000 -0.000000 1.000000 -0.000000 0.000000 0.000000 0.000000 1.000000</pose_matrix>
<pose_matrix name="thumblongjoint.L">0.540789 0.813535 -0.213793 0.000000 -0.568409 0.540789 0.620047 0.075364 0.620047 -0.213793 0.754874 0.000000 0.000000 0.000000 0.000000 1.000000</pose_matrix>
<pose_matrix name="thumbsmalljoint.L">0.840860 -0.534603 -0.084586 0.000000 0.511440 0.835932 -0.199118 0.104845 0.177158 0.124170 0.976318 0.000000 0.000000 0.000000 0.000000 1.000000</pose_matrix>
<pose_matrix name="forearm.R">0.086124 -0.278554 -0.956551 -0.183073 0.225043 -0.929865 0.291045 0.184939 -0.970535 -0.240332 -0.017397 -0.042084 0.000000 0.000000 0.000000 1.000000</pose_matrix>
<pose_matrix name="arm.R">-0.140920 -0.974295 -0.175759 -0.000000 0.957412 -0.179302 0.226303 0.329239 -0.252000 -0.136383 0.958069 -0.000000 0.000000 0.000000 0.000000 1.000000</pose_matrix>
<pose_matrix name="wrist.R">0.999998 -0.002001 0.000062 -0.000000 0.001997 0.999030 0.043979 0.235816 -0.000150 -0.043979 0.999032 -0.000000 0.000000 0.000000 0.000000 1.000000</pose_matrix>
<pose_matrix name="indexlongjoint.R">0.982519 0.186163 -0.000000 -0.000000 -0.186163 0.982519 -0.000000 0.075364 0.000000 -0.000000 1.000000 -0.000000 0.000000 0.000000 0.000000 1.000000</pose_matrix>
<pose_matrix name="indexsmalljoint.R">0.999264 -0.038356 0.000000 0.000000 0.038356 0.999264 -0.000000 0.107572 -0.000000 -0.000000 1.000000 -0.000000 0.000000 0.000000 0.000000 1.000000</pose_matrix>
<pose_matrix name="middlelongjoint.R">0.930464 -0.366384 0.000000 -0.000000 0.366384 0.930464 0.000000 0.075364 -0.000000 -0.000000 1.000000 -0.000000 0.000000 0.000000 0.000000 1.000000</pose_matrix>
<pose_matrix name="middlesmalljoint.R">0.985984 0.166839 -0.000000 -0.000000 -0.166839 0.985984 -0.000000 0.125060 0.000000 -0.000000 1.000000 -0.000000 0.000000 0.000000 0.000000 1.000000</pose_matrix>
<pose_matrix name="thumblongjoint.R">0.540790 -0.813535 0.213793 -0.000000 0.568409 0.540790 0.620046 0.075364 -0.620046 -0.213793 0.754875 -0.000000 0.000000 0.000000 0.000000 1.000000</pose_matrix>
<pose_matrix name="thumbsmalljoint.R">0.840860 0.534603 0.084588 -0.000000 -0.511439 0.835932 -0.199117 0.104845 -0.177159 0.124168 0.976318 0.000000 0.000000 0.000000 0.000000 1.000000</pose_matrix>
<pose_matrix name="tigh.L">0.987949 0.136378 0.072881 0.088920 0.135947 -0.990657 0.010840 -0.076231 0.073669 -0.000802 -0.997281 -0.026843 0.000000 0.000000 0.000000 1.000000</pose_matrix>
<pose_matrix name="calf.L">0.982439 -0.072688 -0.171845 -0.000000 0.071261 0.997353 -0.014463 0.387619 0.172441 0.001963 0.985018 -0.000000 0.000000 0.000000 0.000000 1.000000</pose_matrix>
<pose_matrix name="foot.L">0.971102 0.229574 -0.065247 -0.000000 -0.004547 0.291131 0.956672 0.393868 0.238622 -0.928730 0.283762 0.000000 0.000000 0.000000 0.000000 1.000000</pose_matrix>
<pose_matrix name="tigh.R">0.991845 -0.106485 -0.069711 -0.088930 -0.100637 -0.991489 0.082591 -0.076231 -0.077903 -0.074904 -0.994142 -0.026843 0.000000 0.000000 0.000000 1.000000</pose_matrix>
<pose_matrix name="calf.R">0.994665 0.073322 0.072557 -0.000000 -0.073458 0.997298 -0.000783 0.387619 -0.072418 -0.004551 0.997364 0.000000 0.000000 0.000000 0.000000 1.000000</pose_matrix>
<pose_matrix name="foot.R">1.000000 -0.000002 0.000000 0.000000 0.000000 0.276812 0.960924 0.393868 -0.000002 -0.960924 0.276812 -0.000000 0.000000 0.000000 0.000000 1.000000</pose_matrix>
</keyframe>
<keyframe time="3.333000" bone_count="28">
<pose_matrix name="stomach">1.000000 0.000000 0.000000 0.000000 0.000000 0.000000 -1.000000 0.000000 0.000000 1.000000 0.000000 0.000000 0.000000 0.000000 0.000000 1.000000</pose_matrix>
<pose_matrix name="chest">1.000000 0.000000 0.000000 0.000000 0.000000 1.000000 0.000000 0.289461 0.000000 0.000000 1.000000 0.000000 0.000000 0.000000 0.000000 1.000000</pose_matrix>
<pose_matrix name="neck">1.000000 0.000000 0.000000 0.000000 0.000000 1.000000 0.000000 0.228112 0.000000 0.000000 1.000000 0.000000 0.000000 0.000000 0.000000 1.000000</pose_matrix>
<pose_matrix name="head">1.000000 0.000000 0.000000 0.000000 0.000000 1.000000 0.000000 0.104886 0.000000 0.000000 1.000000 0.000000 0.000000 0.000000 0.000000 1.000000</pose_matrix>
<pose_matrix name="forearm.L">-0.481858 -0.077609 0.872805 0.183063 0.712088 -0.615137 0.338432 0.184939 0.510630 0.784591 0.351674 -0.042084 0.000000 0.000000 0.000000 1.000000</pose_matrix>
<pose_matrix name="arm.L">0.911697 0.242469 0.331688 0.000000 -0.382856 0.794317 0.471680 0.329239 -0.149098 -0.557018 0.817007 -0.000000 0.000000 0.000000 0.000000 1.000000</pose_matrix>
<pose_matrix name="wrist.L">0.523338 0.117476 -0.843989 0.000000 0.199375 0.946079 0.255314 0.235817 0.828473 -0.301885 0.471697 0.000000 0.000000 0.000000 0.000000 1.000000</pose_matrix>
<pose_matrix name="indexlongjoint.L">0.982519 -0.186163 0.000000 0.000000 0.186163 0.982519 -0.000000 0.075364 0.000000 -0.000000 1.000000 -0.000000 0.000000 0.000000 0.000000 1.000000</pose_matrix>
<pose_matrix name="indexsmalljoint.L">0.999264 0.038356 0.000000 0.000000 -0.038356 0.999264 0.000000 0.107572 0.000000 0.000000 1.000000 -0.000000 0.000000 0.000000 0.000000 1.000000</pose_matrix>
<pose_matrix name="middlelongjoint.L">0.930464 0.366384 0.000000 0.000000 -0.366384 0.930464 -0.000000 0.075364 -0.000000 -0.000000 1.000000 -0.000000 0.000000 0.000000 0.000000 1.000000</pose_matrix>
<pose_matrix name="middlesmalljoint.L">0.985984 -0.166840 0.000000 0.000000 0.166840 0.985984 -0.000000 0.125060 -0.000000 -0.000000 1.000000 -0.000000 0.000000 0.000000 0.000000 1.000000</pose_matrix>
<pose_matrix name="thumblongjoint.L">0.540789 0.813535 -0.213793 0.000000 -0.568409 0.540789 0.620047 0.075364 0.620047 -0.213793 0.754874 -0.000000 0.000000 0.000000 0.000000 1.000000</pose_matrix>
<pose_matrix name="thumbsmalljoint.L">0.840860 -0.534603 -0.084586 -0.000000 0.511440 0.835932 -0.199118 0.104845 0.177158 0.124170 0.976318 -0.000000 0.000000 0.000000 0.000000 1.000000</pose_matrix>
<pose_matrix name="forearm.R">0.086124 -0.278554 -0.956551 -0.183073 0.225043 -0.929865 0.291045 0.184939 -0.970535 -0.240332 -0.017397 -0.042084 0.000000 0.000000 0.000000 1.000000</pose_matrix>
<pose_matrix name="arm.R">-0.140920 -0.974295 -0.175759 -0.000000 0.957412 -0.179302 0.226303 0.329239 -0.252000 -0.136383 0.958069 -0.000000 0.000000 0.000000 0.000000 1.000000</pose_matrix>
<pose_matrix name="wrist.R">0.999998 -0.002001 0.000062 -0.000000 0.001997 0.999030 0.043979 0.235816 -0.000150 -0.043979 0.999032 0.000000 0.000000 0.000000 0.000000 1.000000</pose_matrix>
<pose_matrix name="indexlongjoint.R">0.982519 0.186163 -0.000000 -0.000000 -0.186163 0.982519 0.000000 0.075364 0.000000 -0.000000 1.000000 0.000000 0.000000 0.000000 0.000000 1.000000</pose_matrix>
<pose_matrix name="indexsmalljoint.R">0.999264 -0.038356 0.000000 0.000000 0.038356 0.999264 -0.000000 0.107572 -0.000000 -0.000000 1.000000 -0.000000 0.000000 0.000000 0.000000 1.000000</pose_matrix>
<pose_matrix name="middlelongjoint.R">0.930464 -0.366384 0.000000 -0.000000 0.366384 0.930464 0.000000 0.075364 -0.000000 -0.000000 1.000000 0.000000 0.000000 0.000000 0.000000 1.000000</pose_matrix>
<pose_matrix name="middlesmalljoint.R">0.985984 0.166839 -0.000000 -0.000000 -0.166839 0.985984 -0.000000 0.125060 0.000000 -0.000000 1.000000 -0.000000 0.000000 0.000000 0.000000 1.000000</pose_matrix>
<pose_matrix name="thumblongjoint.R">0.540790 -0.813535 0.213793 -0.000000 0.568409 0.540790 0.620046 0.075364 -0.620046 -0.213793 0.754875 0.000000 0.000000 0.000000 0.000000 1.000000</pose_matrix>
<pose_matrix name="thumbsmalljoint.R">0.840859 0.534603 0.084588 0.000000 -0.511439 0.835932 -0.199117 0.104845 -0.177159 0.124168 0.976318 0.000000 0.000000 0.000000 0.000000 1.000000</pose_matrix>
<pose_matrix name="tigh.L">0.987949 0.136378 0.072881 0.088920 0.135947 -0.990657 0.010840 -0.076231 0.073669 -0.000802 -0.997281 -0.026843 0.000000 0.000000 0.000000 1.000000</pose_matrix>
<pose_matrix name="calf.L">0.982439 -0.072688 -0.171845 -0.000000 0.071261 0.997353 -0.014463 0.387619 0.172441 0.001963 0.985018 -0.000000 0.000000 0.000000 0.000000 1.000000</pose_matrix>
<pose_matrix name="foot.L">0.971102 0.229574 -0.065247 -0.000000 -0.004547 0.291131 0.956672 0.393868 0.238622 -0.928730 0.283762 0.000000 0.000000 0.000000 0.000000 1.000000</pose_matrix>
<pose_matrix name="tigh.R">0.991845 -0.106485 -0.069711 -0.088930 -0.100637 -0.991489 0.082591 -0.076231 -0.077903 -0.074904 -0.994142 -0.026843 0.000000 0.000000 0.000000 1.000000</pose_matrix>
<pose_matrix name="calf.R">0.994665 0.073322 0.072557 -0.000000 -0.073458 0.997298 -0.000783 0.387619 -0.072418 -0.004551 0.997364 0.000000 0.000000 0.000000 0.000000 1.000000</pose_matrix>
<pose_matrix name="foot.R">1.000000 -0.000002 0.000000 0.000000 0.000000 0.276812 0.960924 0.393868 -0.000002 -0.960924 0.276812 -0.000000 0.000000 0.000000 0.000000 1.000000</pose_matrix>
</keyframe>
</animation>
</animations>
</mesh>
<!--Start of Mesh Data-->
<mesh name="gun0" vertex_count="4176" index_count="4176">
</mesh>
</meshes>
</asset>
</UntoldEngine>
