<?xml version="1.0" encoding="utf-8"?>
<UntoldEngine xmlns="" version="0.0.1">
<asset>
<meshes>

<mesh name="pele" vertex_count="7590" index_count="7590">
<animations>
<modeler_animation_transform>1.000000 -0.000000 0.000000 -0.000000 -0.000000 0.000000 -1.000000 0.000000 0.000000 1.000000 0.000000 -0.000000 -0.000000 0.000000 -0.000000 1.000000</modeler_animation_transform>

<animation name="idle" fps="24.000000">
<keyframe time="0.000000">
<pose_matrix name="stomach">1.000000 -0.000000 -0.000000 0.000000 -0.000000 0.079950 -0.996799 0.000000 0.000000 0.996799 0.079950 0.000000 0.000000 0.000000 0.000000 1.000000</pose_matrix>
<pose_matrix name="chest">1.000000 0.000000 0.000000 -0.000000 -0.000000 1.000000 -0.000000 2.523677 0.000000 0.000000 1.000000 0.000000 0.000000 0.000000 0.000000 1.000000</pose_matrix>
<pose_matrix name="head">1.000000 0.000000 0.000000 -0.000000 -0.000000 1.000000 -0.000000 2.542379 0.000000 0.000000 1.000000 -0.000000 0.000000 0.000000 0.000000 1.000000</pose_matrix>
<pose_matrix name="shoulder.L">0.002855 0.998572 -0.053354 0.592326 -0.053354 0.053431 0.997145 2.026872 0.998572 -0.000000 0.053431 -0.835659 0.000000 0.000000 0.000000 1.000000</pose_matrix>
<pose_matrix name="upperArm.L">0.992009 0.121187 0.035092 0.000000 -0.049548 0.118414 0.991727 1.307507 0.116029 -0.985541 0.123473 -0.000000 0.000000 0.000000 0.000000 1.000000</pose_matrix>
<pose_matrix name="lowerArm.L">0.876268 0.476768 -0.069621 -0.000000 -0.479134 0.877478 -0.021492 2.321185 0.050844 0.052190 0.997342 0.000000 0.000000 0.000000 0.000000 1.000000</pose_matrix>
<pose_matrix name="shoulder.R">0.002855 -0.998571 0.053355 -0.592326 0.053355 0.053431 0.997145 2.026871 -0.998571 -0.000000 0.053431 -0.835658 0.000000 0.000000 0.000000 1.000000</pose_matrix>
<pose_matrix name="upperArm.R">0.990083 -0.106600 0.091497 0.000000 -0.078998 0.116095 0.990092 1.307507 -0.116166 -0.987501 0.106522 0.000000 0.000000 0.000000 0.000000 1.000000</pose_matrix>
<pose_matrix name="lowerArm.R">0.996657 -0.080934 -0.011131 0.000000 0.080811 0.996667 -0.011132 2.321186 0.011994 0.010195 0.999876 0.000000 0.000000 0.000000 0.000000 1.000000</pose_matrix>
<pose_matrix name="upperLeg.L">0.999548 0.025849 0.025842 0.954478 0.023240 -0.995011 0.097024 -1.605162 0.028226 -0.096359 -0.994947 -0.472286 0.000000 0.000000 0.000000 1.000000</pose_matrix>
<pose_matrix name="lowerLeg.L">0.996623 -0.058073 -0.058050 -0.000000 0.058062 0.998311 -0.001875 4.164524 0.058061 -0.001502 0.998312 0.000000 0.000000 0.000000 0.000000 1.000000</pose_matrix>
<pose_matrix name="foot.L">0.998958 -0.018337 0.041802 -0.000000 -0.032282 0.363631 0.930984 4.306370 -0.032272 -0.931363 0.362660 -0.000000 0.000000 0.000000 0.000000 1.000000</pose_matrix>
<pose_matrix name="upperLeg.R">0.999548 -0.025846 -0.025836 -0.954478 -0.023717 -0.996513 0.080008 -1.605162 -0.027819 -0.079342 -0.996459 -0.472286 0.000000 0.000000 0.000000 1.000000</pose_matrix>
<pose_matrix name="lowerLeg.R">0.996623 0.058073 0.058050 0.000000 -0.058062 0.998311 -0.001875 4.164524 -0.058061 -0.001502 0.998312 0.000000 0.000000 0.000000 0.000000 1.000000</pose_matrix>
<pose_matrix name="foot.R">0.998958 0.019811 -0.041122 -0.000000 0.032282 0.330285 0.943329 4.306371 0.032271 -0.943673 0.329301 -0.000000 0.000000 0.000000 0.000000 1.000000</pose_matrix>
</keyframe>
<keyframe time="0.208000">
<pose_matrix name="stomach">1.000000 -0.000000 -0.000000 0.000000 -0.000000 0.079950 -0.996799 0.000000 0.000000 0.996799 0.079950 0.000000 0.000000 0.000000 0.000000 1.000000</pose_matrix>
<pose_matrix name="chest">1.000000 0.000000 0.000000 -0.000000 -0.000000 1.000000 -0.000000 2.523677 0.000000 0.000000 1.000000 0.000000 0.000000 0.000000 0.000000 1.000000</pose_matrix>
<pose_matrix name="head">1.000000 0.000000 0.000000 -0.000000 -0.000000 1.000000 -0.000000 2.542379 0.000000 0.000000 1.000000 -0.000000 0.000000 0.000000 0.000000 1.000000</pose_matrix>
<pose_matrix name="shoulder.L">0.002855 0.998572 -0.053354 0.592326 -0.053354 0.053431 0.997145 2.026872 0.998572 -0.000000 0.053431 -0.835659 0.000000 0.000000 0.000000 1.000000</pose_matrix>
<pose_matrix name="upperArm.L">0.992009 0.121187 0.035092 0.000000 -0.049548 0.118414 0.991727 1.307507 0.116029 -0.985541 0.123473 -0.000000 0.000000 0.000000 0.000000 1.000000</pose_matrix>
<pose_matrix name="lowerArm.L">0.876268 0.476768 -0.069621 -0.000000 -0.479134 0.877478 -0.021492 2.321185 0.050844 0.052190 0.997342 0.000000 0.000000 0.000000 0.000000 1.000000</pose_matrix>
<pose_matrix name="shoulder.R">0.002855 -0.998571 0.053355 -0.592326 0.053355 0.053431 0.997145 2.026871 -0.998571 -0.000000 0.053431 -0.835658 0.000000 0.000000 0.000000 1.000000</pose_matrix>
<pose_matrix name="upperArm.R">0.990083 -0.106600 0.091497 0.000000 -0.078998 0.116095 0.990092 1.307507 -0.116166 -0.987501 0.106522 0.000000 0.000000 0.000000 0.000000 1.000000</pose_matrix>
<pose_matrix name="lowerArm.R">0.996657 -0.080934 -0.011131 0.000000 0.080811 0.996667 -0.011132 2.321186 0.011994 0.010195 0.999876 0.000000 0.000000 0.000000 0.000000 1.000000</pose_matrix>
<pose_matrix name="upperLeg.L">0.999548 0.025849 0.025842 0.954478 0.023240 -0.995011 0.097024 -1.605162 0.028226 -0.096359 -0.994947 -0.472286 0.000000 0.000000 0.000000 1.000000</pose_matrix>
<pose_matrix name="lowerLeg.L">0.996623 -0.058073 -0.058050 -0.000000 0.058062 0.998311 -0.001875 4.164524 0.058061 -0.001502 0.998312 0.000000 0.000000 0.000000 0.000000 1.000000</pose_matrix>
<pose_matrix name="foot.L">0.998958 -0.018337 0.041802 -0.000000 -0.032282 0.363631 0.930984 4.306370 -0.032272 -0.931363 0.362660 -0.000000 0.000000 0.000000 0.000000 1.000000</pose_matrix>
<pose_matrix name="upperLeg.R">0.999548 -0.025846 -0.025836 -0.954478 -0.023717 -0.996513 0.080008 -1.605162 -0.027819 -0.079342 -0.996459 -0.472286 0.000000 0.000000 0.000000 1.000000</pose_matrix>
<pose_matrix name="lowerLeg.R">0.996623 0.058073 0.058050 0.000000 -0.058062 0.998311 -0.001875 4.164524 -0.058061 -0.001502 0.998312 0.000000 0.000000 0.000000 0.000000 1.000000</pose_matrix>
<pose_matrix name="foot.R">0.998958 0.019811 -0.041122 -0.000000 0.032282 0.330285 0.943329 4.306371 0.032271 -0.943673 0.329301 -0.000000 0.000000 0.000000 0.000000 1.000000</pose_matrix>
</keyframe>
<keyframe time="0.375000">
<pose_matrix name="stomach">1.000000 -0.000000 -0.000000 0.000000 -0.000000 0.079950 -0.996799 0.000000 0.000000 0.996799 0.079950 0.000000 0.000000 0.000000 0.000000 1.000000</pose_matrix>
<pose_matrix name="chest">1.000000 0.000000 0.000000 -0.000000 -0.000000 1.000000 -0.000000 2.523677 0.000000 0.000000 1.000000 0.000000 0.000000 0.000000 0.000000 1.000000</pose_matrix>
<pose_matrix name="head">1.000000 0.000000 0.000000 -0.000000 -0.000000 1.000000 -0.000000 2.542379 0.000000 0.000000 1.000000 -0.000000 0.000000 0.000000 0.000000 1.000000</pose_matrix>
<pose_matrix name="shoulder.L">0.002855 0.998572 -0.053354 0.592326 -0.053354 0.053431 0.997145 2.026872 0.998572 -0.000000 0.053431 -0.835659 0.000000 0.000000 0.000000 1.000000</pose_matrix>
<pose_matrix name="upperArm.L">0.992009 0.121187 0.035092 0.000000 -0.049548 0.118414 0.991727 1.307507 0.116029 -0.985541 0.123473 -0.000000 0.000000 0.000000 0.000000 1.000000</pose_matrix>
<pose_matrix name="lowerArm.L">0.876268 0.476768 -0.069621 -0.000000 -0.479134 0.877478 -0.021492 2.321185 0.050844 0.052190 0.997342 0.000000 0.000000 0.000000 0.000000 1.000000</pose_matrix>
<pose_matrix name="shoulder.R">0.002855 -0.998571 0.053355 -0.592326 0.053355 0.053431 0.997145 2.026871 -0.998571 -0.000000 0.053431 -0.835658 0.000000 0.000000 0.000000 1.000000</pose_matrix>
<pose_matrix name="upperArm.R">0.990083 -0.106600 0.091497 0.000000 -0.078998 0.116095 0.990092 1.307507 -0.116166 -0.987501 0.106522 0.000000 0.000000 0.000000 0.000000 1.000000</pose_matrix>
<pose_matrix name="lowerArm.R">0.996657 -0.080934 -0.011131 0.000000 0.080811 0.996667 -0.011132 2.321186 0.011994 0.010195 0.999876 0.000000 0.000000 0.000000 0.000000 1.000000</pose_matrix>
<pose_matrix name="upperLeg.L">0.999548 0.025849 0.025842 0.954478 0.023240 -0.995011 0.097024 -1.605162 0.028226 -0.096359 -0.994947 -0.472286 0.000000 0.000000 0.000000 1.000000</pose_matrix>
<pose_matrix name="lowerLeg.L">0.996623 -0.058073 -0.058050 -0.000000 0.058062 0.998311 -0.001875 4.164524 0.058061 -0.001502 0.998312 0.000000 0.000000 0.000000 0.000000 1.000000</pose_matrix>
<pose_matrix name="foot.L">0.998958 -0.018337 0.041802 -0.000000 -0.032282 0.363631 0.930984 4.306370 -0.032272 -0.931363 0.362660 -0.000000 0.000000 0.000000 0.000000 1.000000</pose_matrix>
<pose_matrix name="upperLeg.R">0.999548 -0.025846 -0.025836 -0.954478 -0.023717 -0.996513 0.080008 -1.605162 -0.027819 -0.079342 -0.996459 -0.472286 0.000000 0.000000 0.000000 1.000000</pose_matrix>
<pose_matrix name="lowerLeg.R">0.996623 0.058073 0.058050 0.000000 -0.058062 0.998311 -0.001875 4.164524 -0.058061 -0.001502 0.998312 0.000000 0.000000 0.000000 0.000000 1.000000</pose_matrix>
<pose_matrix name="foot.R">0.998958 0.019811 -0.041122 -0.000000 0.032282 0.330285 0.943329 4.306371 0.032271 -0.943673 0.329301 -0.000000 0.000000 0.000000 0.000000 1.000000</pose_matrix>
</keyframe>
<keyframe time="0.542000">
<pose_matrix name="stomach">1.000000 -0.000000 -0.000000 0.000000 -0.000000 0.079950 -0.996799 0.000000 0.000000 0.996799 0.079950 0.000000 0.000000 0.000000 0.000000 1.000000</pose_matrix>
<pose_matrix name="chest">1.000000 0.000000 0.000000 -0.000000 -0.000000 1.000000 -0.000000 2.523677 0.000000 0.000000 1.000000 0.000000 0.000000 0.000000 0.000000 1.000000</pose_matrix>
<pose_matrix name="head">1.000000 0.000000 0.000000 -0.000000 -0.000000 1.000000 -0.000000 2.542379 0.000000 0.000000 1.000000 -0.000000 0.000000 0.000000 0.000000 1.000000</pose_matrix>
<pose_matrix name="shoulder.L">0.002855 0.998572 -0.053354 0.592326 -0.053354 0.053431 0.997145 2.026872 0.998572 -0.000000 0.053431 -0.835659 0.000000 0.000000 0.000000 1.000000</pose_matrix>
<pose_matrix name="upperArm.L">0.992009 0.121187 0.035092 0.000000 -0.049548 0.118414 0.991727 1.307507 0.116029 -0.985541 0.123473 -0.000000 0.000000 0.000000 0.000000 1.000000</pose_matrix>
<pose_matrix name="lowerArm.L">0.876268 0.476768 -0.069621 -0.000000 -0.479134 0.877478 -0.021492 2.321185 0.050844 0.052190 0.997342 0.000000 0.000000 0.000000 0.000000 1.000000</pose_matrix>
<pose_matrix name="shoulder.R">0.002855 -0.998571 0.053355 -0.592326 0.053355 0.053431 0.997145 2.026871 -0.998571 -0.000000 0.053431 -0.835658 0.000000 0.000000 0.000000 1.000000</pose_matrix>
<pose_matrix name="upperArm.R">0.990083 -0.106600 0.091497 0.000000 -0.078998 0.116095 0.990092 1.307507 -0.116166 -0.987501 0.106522 0.000000 0.000000 0.000000 0.000000 1.000000</pose_matrix>
<pose_matrix name="lowerArm.R">0.996657 -0.080934 -0.011131 0.000000 0.080811 0.996667 -0.011132 2.321186 0.011994 0.010195 0.999876 0.000000 0.000000 0.000000 0.000000 1.000000</pose_matrix>
<pose_matrix name="upperLeg.L">0.999548 0.025849 0.025842 0.954478 0.023240 -0.995011 0.097024 -1.605162 0.028226 -0.096359 -0.994947 -0.472286 0.000000 0.000000 0.000000 1.000000</pose_matrix>
<pose_matrix name="lowerLeg.L">0.996623 -0.058073 -0.058050 -0.000000 0.058062 0.998311 -0.001875 4.164524 0.058061 -0.001502 0.998312 0.000000 0.000000 0.000000 0.000000 1.000000</pose_matrix>
<pose_matrix name="foot.L">0.998958 -0.018337 0.041802 -0.000000 -0.032282 0.363631 0.930984 4.306370 -0.032272 -0.931363 0.362660 -0.000000 0.000000 0.000000 0.000000 1.000000</pose_matrix>
<pose_matrix name="upperLeg.R">0.999548 -0.025846 -0.025836 -0.954478 -0.023717 -0.996513 0.080008 -1.605162 -0.027819 -0.079342 -0.996459 -0.472286 0.000000 0.000000 0.000000 1.000000</pose_matrix>
<pose_matrix name="lowerLeg.R">0.996623 0.058073 0.058050 0.000000 -0.058062 0.998311 -0.001875 4.164524 -0.058061 -0.001502 0.998312 0.000000 0.000000 0.000000 0.000000 1.000000</pose_matrix>
<pose_matrix name="foot.R">0.998958 0.019811 -0.041122 -0.000000 0.032282 0.330285 0.943329 4.306371 0.032271 -0.943673 0.329301 -0.000000 0.000000 0.000000 0.000000 1.000000</pose_matrix>
</keyframe>
</animation>
</animations>
</mesh>

</meshes>

<point_lights>

<point_light name="Lamp">
<falloff_distance>29.999983</falloff_distance>
<energy>1.000000</energy>
<linear_attenuation>0.000000</linear_attenuation>
<quadratic_attenuation>1.000000</quadratic_attenuation>
<light_color>1.000000 1.000000 1.000000 1.0</light_color>
<local_matrix>-0.290865 -0.771101 0.566393 4.076245 -0.055189 0.604525 0.794672 5.903862 -0.955171 0.199883 -0.218391 -1.005453 0.000000 0.000000 0.000000 1.000000</local_matrix>
</point_light>

</point_lights>

</asset>
</UntoldEngine>

