<?xml version="1.0" encoding="utf-8"?>
<UntoldEngine xmlns="" version="0.0.1">
<asset>
<meshes>
<mesh name="Cube" vertex_count="24" index_count="24">
</mesh>

<mesh name="pele" vertex_count="7590" index_count="7590">
<animations>
<modeler_animation_transform>1.000000 -0.000000 0.000000 -0.000000 -0.000000 0.000000 -1.000000 0.000000 0.000000 1.000000 0.000000 -0.000000 -0.000000 0.000000 -0.000000 1.000000</modeler_animation_transform>

<animation name="lateralleftrun" fps="24.000000">
<keyframe time="0.000000">
<pose_matrix name="stomach">1.000000 -0.000000 -0.000000 0.000000 -0.000000 0.079950 -0.996799 0.000000 0.000000 0.996799 0.079950 0.000000 0.000000 0.000000 0.000000 1.000000</pose_matrix>
<pose_matrix name="chest">1.000000 0.000000 0.000000 -0.000000 -0.000000 1.000000 -0.000000 2.523677 0.000000 0.000000 1.000000 0.000000 0.000000 0.000000 0.000000 1.000000</pose_matrix>
<pose_matrix name="head">1.000000 0.000000 0.000000 -0.000000 -0.000000 1.000000 -0.000000 2.542379 0.000000 0.000000 1.000000 -0.000000 0.000000 0.000000 0.000000 1.000000</pose_matrix>
<pose_matrix name="shoulder.L">0.002855 0.998572 -0.053354 0.592326 -0.053354 0.053431 0.997145 2.026872 0.998572 -0.000000 0.053431 -0.835659 0.000000 0.000000 0.000000 1.000000</pose_matrix>
<pose_matrix name="upperArm.L">0.992009 0.121187 0.035092 0.000000 -0.049548 0.118414 0.991727 1.307507 0.116029 -0.985541 0.123473 -0.000000 0.000000 0.000000 0.000000 1.000000</pose_matrix>
<pose_matrix name="lowerArm.L">0.876268 0.476768 -0.069621 -0.000000 -0.479134 0.877478 -0.021492 2.321185 0.050844 0.052190 0.997342 0.000000 0.000000 0.000000 0.000000 1.000000</pose_matrix>
<pose_matrix name="shoulder.R">0.002855 -0.998571 0.053355 -0.592326 0.053355 0.053431 0.997145 2.026871 -0.998571 -0.000000 0.053431 -0.835658 0.000000 0.000000 0.000000 1.000000</pose_matrix>
<pose_matrix name="upperArm.R">0.990083 -0.106600 0.091497 0.000000 -0.078998 0.116095 0.990092 1.307507 -0.116166 -0.987501 0.106522 0.000000 0.000000 0.000000 0.000000 1.000000</pose_matrix>
<pose_matrix name="lowerArm.R">0.996657 -0.080934 -0.011131 0.000000 0.080811 0.996667 -0.011132 2.321186 0.011994 0.010195 0.999876 0.000000 0.000000 0.000000 0.000000 1.000000</pose_matrix>
<pose_matrix name="upperLeg.L">0.999548 0.025849 0.025842 0.954478 0.023240 -0.995011 0.097024 -1.605162 0.028226 -0.096359 -0.994947 -0.472286 0.000000 0.000000 0.000000 1.000000</pose_matrix>
<pose_matrix name="lowerLeg.L">0.996623 -0.058073 -0.058050 -0.000000 0.058062 0.998311 -0.001875 4.164524 0.058061 -0.001502 0.998312 0.000000 0.000000 0.000000 0.000000 1.000000</pose_matrix>
<pose_matrix name="foot.L">0.998958 -0.018337 0.041802 -0.000000 -0.032282 0.363631 0.930984 4.306370 -0.032272 -0.931363 0.362660 -0.000000 0.000000 0.000000 0.000000 1.000000</pose_matrix>
<pose_matrix name="upperLeg.R">0.999548 -0.025846 -0.025836 -0.954478 -0.023717 -0.996513 0.080008 -1.605162 -0.027819 -0.079342 -0.996459 -0.472286 0.000000 0.000000 0.000000 1.000000</pose_matrix>
<pose_matrix name="lowerLeg.R">0.996623 0.058073 0.058050 0.000000 -0.058062 0.998311 -0.001875 4.164524 -0.058061 -0.001502 0.998312 0.000000 0.000000 0.000000 0.000000 1.000000</pose_matrix>
<pose_matrix name="foot.R">0.998958 0.019811 -0.041122 -0.000000 0.032282 0.330285 0.943329 4.306371 0.032271 -0.943673 0.329301 -0.000000 0.000000 0.000000 0.000000 1.000000</pose_matrix>
</keyframe>
<keyframe time="0.208000">
<pose_matrix name="stomach">1.000000 -0.000000 -0.000000 0.000000 -0.000000 0.079950 -0.996799 0.000000 0.000000 0.996799 0.079950 0.000000 0.000000 0.000000 0.000000 1.000000</pose_matrix>
<pose_matrix name="chest">1.000000 0.000000 0.000000 -0.000000 -0.000000 1.000000 -0.000000 2.523677 0.000000 0.000000 1.000000 0.000000 0.000000 0.000000 0.000000 1.000000</pose_matrix>
<pose_matrix name="head">1.000000 0.000000 0.000000 -0.000000 -0.000000 1.000000 -0.000000 2.542379 0.000000 0.000000 1.000000 -0.000000 0.000000 0.000000 0.000000 1.000000</pose_matrix>
<pose_matrix name="shoulder.L">0.002855 0.998572 -0.053354 0.592326 -0.053354 0.053431 0.997145 2.026872 0.998572 -0.000000 0.053431 -0.835659 0.000000 0.000000 0.000000 1.000000</pose_matrix>
<pose_matrix name="upperArm.L">0.982413 0.177884 0.056761 0.000000 -0.073319 0.087929 0.993425 1.307507 0.171723 -0.980115 0.099424 -0.000000 0.000000 0.000000 0.000000 1.000000</pose_matrix>
<pose_matrix name="lowerArm.L">0.876268 0.476768 -0.069621 0.000000 -0.479135 0.877478 -0.021492 2.321185 0.050844 0.052190 0.997342 0.000000 0.000000 0.000000 0.000000 1.000000</pose_matrix>
<pose_matrix name="shoulder.R">0.002855 -0.998571 0.053355 -0.592326 0.053355 0.053431 0.997145 2.026871 -0.998571 -0.000000 0.053431 -0.835658 0.000000 0.000000 0.000000 1.000000</pose_matrix>
<pose_matrix name="upperArm.R">0.997624 -0.050616 0.046741 0.000000 -0.042476 0.082293 0.995703 1.307507 -0.054244 -0.995322 0.079948 0.000000 0.000000 0.000000 0.000000 1.000000</pose_matrix>
<pose_matrix name="lowerArm.R">0.996657 -0.080934 -0.011131 -0.000000 0.080811 0.996667 -0.011132 2.321186 0.011994 0.010195 0.999876 -0.000000 0.000000 0.000000 0.000000 1.000000</pose_matrix>
<pose_matrix name="upperLeg.L">0.993583 0.113930 0.015687 0.954478 0.111930 -0.989125 0.095416 -1.605162 0.026393 -0.093026 -0.995314 -0.472286 0.000000 0.000000 0.000000 1.000000</pose_matrix>
<pose_matrix name="lowerLeg.L">0.996623 -0.058073 -0.058050 0.000000 0.058062 0.998311 -0.001875 4.164523 0.058061 -0.001502 0.998312 -0.000000 0.000000 0.000000 0.000000 1.000000</pose_matrix>
<pose_matrix name="foot.L">0.998958 -0.018337 0.041802 0.000000 -0.032282 0.363631 0.930984 4.306373 -0.032272 -0.931363 0.362660 -0.000000 0.000000 0.000000 0.000000 1.000000</pose_matrix>
<pose_matrix name="upperLeg.R">0.999218 -0.026237 -0.036161 -0.954478 -0.027762 -0.998730 -0.042044 -1.605162 -0.035015 0.043006 -0.998461 -0.472286 0.000000 0.000000 0.000000 1.000000</pose_matrix>
<pose_matrix name="lowerLeg.R">0.994594 0.072006 0.074815 0.000000 -0.044288 0.945847 -0.321578 4.164524 -0.093919 0.316526 0.943923 0.000000 0.000000 0.000000 0.000000 1.000000</pose_matrix>
<pose_matrix name="foot.R">0.998958 0.019811 -0.041122 -0.000000 0.032282 0.330285 0.943329 4.306372 0.032271 -0.943674 0.329301 -0.000000 0.000000 0.000000 0.000000 1.000000</pose_matrix>
</keyframe>
<keyframe time="0.375000">
<pose_matrix name="stomach">1.000000 -0.000000 -0.000000 0.000000 -0.000000 0.079950 -0.996799 0.000000 0.000000 0.996799 0.079950 0.000000 0.000000 0.000000 0.000000 1.000000</pose_matrix>
<pose_matrix name="chest">1.000000 0.000000 0.000000 -0.000000 -0.000000 1.000000 -0.000000 2.523677 0.000000 0.000000 1.000000 0.000000 0.000000 0.000000 0.000000 1.000000</pose_matrix>
<pose_matrix name="head">1.000000 0.000000 0.000000 -0.000000 -0.000000 1.000000 -0.000000 2.542379 0.000000 0.000000 1.000000 -0.000000 0.000000 0.000000 0.000000 1.000000</pose_matrix>
<pose_matrix name="shoulder.L">0.002855 0.998572 -0.053354 0.592326 -0.053354 0.053431 0.997145 2.026872 0.998572 -0.000000 0.053431 -0.835659 0.000000 0.000000 0.000000 1.000000</pose_matrix>
<pose_matrix name="upperArm.L">0.952855 0.285378 0.103089 0.000000 -0.114675 0.024141 0.993110 1.307507 0.280922 -0.958111 0.055729 -0.000000 0.000000 0.000000 0.000000 1.000000</pose_matrix>
<pose_matrix name="lowerArm.L">0.876268 0.476768 -0.069621 0.000000 -0.479135 0.877478 -0.021492 2.321185 0.050844 0.052190 0.997342 -0.000000 0.000000 0.000000 0.000000 1.000000</pose_matrix>
<pose_matrix name="shoulder.R">0.002855 -0.998571 0.053355 -0.592326 0.053355 0.053431 0.997145 2.026871 -0.998571 -0.000000 0.053431 -0.835658 0.000000 0.000000 0.000000 1.000000</pose_matrix>
<pose_matrix name="upperArm.R">0.999957 0.009033 0.002028 0.000000 -0.002472 0.049489 0.998772 1.307507 0.008921 -0.998734 0.049509 0.000000 0.000000 0.000000 0.000000 1.000000</pose_matrix>
<pose_matrix name="lowerArm.R">0.996657 -0.080934 -0.011131 -0.000000 0.080811 0.996668 -0.011132 2.321186 0.011994 0.010195 0.999876 -0.000000 0.000000 0.000000 0.000000 1.000000</pose_matrix>
<pose_matrix name="upperLeg.L">0.984109 0.178589 0.008286 0.954478 0.177025 -0.979741 0.093648 -1.605162 0.024849 -0.090671 -0.995571 -0.472286 0.000000 0.000000 0.000000 1.000000</pose_matrix>
<pose_matrix name="lowerLeg.L">0.996623 -0.058073 -0.058050 -0.000000 0.058062 0.998311 -0.001875 4.164524 0.058061 -0.001502 0.998312 0.000000 0.000000 0.000000 0.000000 1.000000</pose_matrix>
<pose_matrix name="foot.L">0.998958 -0.018337 0.041802 0.000000 -0.032283 0.363631 0.930984 4.306372 -0.032272 -0.931363 0.362660 -0.000000 0.000000 0.000000 0.000000 1.000000</pose_matrix>
<pose_matrix name="upperLeg.R">0.998833 -0.035310 -0.038971 -0.954478 -0.040254 -0.990142 -0.134163 -1.605162 -0.033854 0.135546 -0.990193 -0.472286 0.000000 0.000000 0.000000 1.000000</pose_matrix>
<pose_matrix name="lowerLeg.R">0.992952 0.100528 0.062780 -0.000000 -0.055031 0.860188 -0.506998 4.164523 -0.104971 0.499970 0.859658 -0.000000 0.000000 0.000000 0.000000 1.000000</pose_matrix>
<pose_matrix name="foot.R">0.998958 0.019811 -0.041122 0.000000 0.032282 0.330284 0.943329 4.306371 0.032271 -0.943673 0.329301 -0.000000 0.000000 0.000000 0.000000 1.000000</pose_matrix>
</keyframe>
<keyframe time="0.542000">
<pose_matrix name="stomach">1.000000 -0.000000 -0.000000 0.000000 -0.000000 0.079950 -0.996799 0.000000 0.000000 0.996799 0.079950 0.000000 0.000000 0.000000 0.000000 1.000000</pose_matrix>
<pose_matrix name="chest">1.000000 0.000000 0.000000 -0.000000 -0.000000 1.000000 -0.000000 2.523677 0.000000 0.000000 1.000000 0.000000 0.000000 0.000000 0.000000 1.000000</pose_matrix>
<pose_matrix name="head">1.000000 0.000000 0.000000 -0.000000 -0.000000 1.000000 -0.000000 2.542379 0.000000 0.000000 1.000000 -0.000000 0.000000 0.000000 0.000000 1.000000</pose_matrix>
<pose_matrix name="shoulder.L">0.002855 0.998572 -0.053354 0.592326 -0.053354 0.053431 0.997145 2.026872 0.998572 -0.000000 0.053431 -0.835659 0.000000 0.000000 0.000000 1.000000</pose_matrix>
<pose_matrix name="upperArm.L">0.982728 0.176970 0.054101 0.000000 -0.072916 0.101604 0.992149 1.307507 0.170084 -0.978958 0.112753 -0.000000 0.000000 0.000000 0.000000 1.000000</pose_matrix>
<pose_matrix name="lowerArm.L">0.876268 0.476768 -0.069621 0.000000 -0.479135 0.877478 -0.021492 2.321185 0.050844 0.052190 0.997342 -0.000000 0.000000 0.000000 0.000000 1.000000</pose_matrix>
<pose_matrix name="shoulder.R">0.002855 -0.998571 0.053355 -0.592326 0.053355 0.053431 0.997145 2.026871 -0.998571 -0.000000 0.053431 -0.835658 0.000000 0.000000 0.000000 1.000000</pose_matrix>
<pose_matrix name="upperArm.R">0.997631 -0.049890 0.047370 0.000000 -0.043175 0.082050 0.995693 1.307507 -0.053562 -0.995379 0.079702 0.000000 0.000000 0.000000 0.000000 1.000000</pose_matrix>
<pose_matrix name="lowerArm.R">0.996657 -0.080934 -0.011131 0.000000 0.080811 0.996667 -0.011132 2.321186 0.011994 0.010195 0.999876 0.000000 0.000000 0.000000 0.000000 1.000000</pose_matrix>
<pose_matrix name="upperLeg.L">0.994748 0.104030 0.009298 0.954478 0.102718 -0.990355 0.092987 -1.605162 0.018889 -0.091523 -0.995624 -0.472286 0.000000 0.000000 0.000000 1.000000</pose_matrix>
<pose_matrix name="lowerLeg.L">0.996623 -0.058073 -0.058050 0.000000 0.058062 0.998311 -0.001875 4.164523 0.058061 -0.001502 0.998312 -0.000000 0.000000 0.000000 0.000000 1.000000</pose_matrix>
<pose_matrix name="foot.L">0.998958 -0.018337 0.041802 0.000000 -0.032282 0.363631 0.930984 4.306371 -0.032272 -0.931363 0.362660 -0.000000 0.000000 0.000000 0.000000 1.000000</pose_matrix>
<pose_matrix name="upperLeg.R">0.998833 -0.035309 -0.038972 -0.954478 -0.036609 -0.998787 -0.032928 -1.605162 -0.037765 0.034309 -0.998698 -0.472286 0.000000 0.000000 0.000000 1.000000</pose_matrix>
<pose_matrix name="lowerLeg.R">0.992712 0.096529 0.072147 -0.000000 -0.067411 0.941037 -0.331521 4.164524 -0.099895 0.324241 0.940685 0.000000 0.000000 0.000000 0.000000 1.000000</pose_matrix>
<pose_matrix name="foot.R">0.998958 0.019811 -0.041122 0.000000 0.032282 0.330284 0.943329 4.306370 0.032271 -0.943674 0.329301 0.000000 0.000000 0.000000 0.000000 1.000000</pose_matrix>
</keyframe>
<keyframe time="0.708000">
<pose_matrix name="stomach">1.000000 -0.000000 -0.000000 0.000000 -0.000000 0.079950 -0.996799 0.000000 0.000000 0.996799 0.079950 0.000000 0.000000 0.000000 0.000000 1.000000</pose_matrix>
<pose_matrix name="chest">1.000000 0.000000 0.000000 -0.000000 -0.000000 1.000000 -0.000000 2.523677 0.000000 0.000000 1.000000 0.000000 0.000000 0.000000 0.000000 1.000000</pose_matrix>
<pose_matrix name="head">1.000000 0.000000 0.000000 -0.000000 -0.000000 1.000000 -0.000000 2.542379 0.000000 0.000000 1.000000 -0.000000 0.000000 0.000000 0.000000 1.000000</pose_matrix>
<pose_matrix name="shoulder.L">0.002855 0.998572 -0.053354 0.592326 -0.053354 0.053431 0.997145 2.026872 0.998572 -0.000000 0.053431 -0.835659 0.000000 0.000000 0.000000 1.000000</pose_matrix>
<pose_matrix name="upperArm.L">0.992009 0.121187 0.035092 0.000000 -0.049548 0.118414 0.991727 1.307507 0.116029 -0.985541 0.123473 -0.000000 0.000000 0.000000 0.000000 1.000000</pose_matrix>
<pose_matrix name="lowerArm.L">0.876268 0.476768 -0.069621 -0.000000 -0.479134 0.877478 -0.021492 2.321185 0.050844 0.052190 0.997342 0.000000 0.000000 0.000000 0.000000 1.000000</pose_matrix>
<pose_matrix name="shoulder.R">0.002855 -0.998571 0.053355 -0.592326 0.053355 0.053431 0.997145 2.026871 -0.998571 -0.000000 0.053431 -0.835658 0.000000 0.000000 0.000000 1.000000</pose_matrix>
<pose_matrix name="upperArm.R">0.990083 -0.106600 0.091497 0.000000 -0.078998 0.116095 0.990092 1.307507 -0.116166 -0.987501 0.106522 0.000000 0.000000 0.000000 0.000000 1.000000</pose_matrix>
<pose_matrix name="lowerArm.R">0.996657 -0.080934 -0.011131 0.000000 0.080811 0.996667 -0.011132 2.321186 0.011994 0.010195 0.999876 0.000000 0.000000 0.000000 0.000000 1.000000</pose_matrix>
<pose_matrix name="upperLeg.L">0.999548 0.025849 0.025842 0.954478 0.023240 -0.995011 0.097024 -1.605162 0.028226 -0.096359 -0.994947 -0.472286 0.000000 0.000000 0.000000 1.000000</pose_matrix>
<pose_matrix name="lowerLeg.L">0.996623 -0.058073 -0.058050 -0.000000 0.058062 0.998311 -0.001875 4.164524 0.058061 -0.001502 0.998312 0.000000 0.000000 0.000000 0.000000 1.000000</pose_matrix>
<pose_matrix name="foot.L">0.998958 -0.018337 0.041802 -0.000000 -0.032282 0.363631 0.930984 4.306370 -0.032272 -0.931363 0.362660 -0.000000 0.000000 0.000000 0.000000 1.000000</pose_matrix>
<pose_matrix name="upperLeg.R">0.999548 -0.025846 -0.025836 -0.954478 -0.023717 -0.996513 0.080008 -1.605162 -0.027819 -0.079342 -0.996459 -0.472286 0.000000 0.000000 0.000000 1.000000</pose_matrix>
<pose_matrix name="lowerLeg.R">0.996623 0.058073 0.058050 0.000000 -0.058062 0.998311 -0.001875 4.164524 -0.058061 -0.001502 0.998312 0.000000 0.000000 0.000000 0.000000 1.000000</pose_matrix>
<pose_matrix name="foot.R">0.998958 0.019811 -0.041122 -0.000000 0.032282 0.330285 0.943329 4.306371 0.032271 -0.943673 0.329301 -0.000000 0.000000 0.000000 0.000000 1.000000</pose_matrix>
</keyframe>
</animation>
</animations>
</mesh>

</meshes>

<point_lights>

<point_light name="Lamp">
<falloff_distance>29.999983</falloff_distance>
<energy>1.000000</energy>
<linear_attenuation>0.000000</linear_attenuation>
<quadratic_attenuation>1.000000</quadratic_attenuation>
<light_color>1.000000 1.000000 1.000000 1.0</light_color>
<local_matrix>-0.290865 -0.771101 0.566393 4.076245 -0.055189 0.604525 0.794672 5.903862 -0.955171 0.199883 -0.218391 -1.005453 0.000000 0.000000 0.000000 1.000000</local_matrix>
</point_light>

</point_lights>

</asset>
</UntoldEngine>

