<?xml version="1.0" encoding="utf-8"?>
<UntoldEngine xmlns="" version="0.0.1">
    <asset>
        <meshes>
            <mesh name="player" vertex_count="8676" index_count="8676">
                <animations>
                    <modeler_animation_transform>1.000000 0.000000 -0.000000 0.000000 0.000000 -0.000000 1.000000 -0.000000 -0.000000 1.000000 0.000000 -0.000000 0.000000 -0.000000 0.000000 1.000000</modeler_animation_transform>
                    
                    <animation name="rightpass" fps="24.000000">
                        <keyframe time="0.000000">
                            <pose_matrix name="stomach">1.000000 0.000000 0.000000 0.000000 -0.000000 0.114824 -0.993386 0.000000 -0.000000 0.993386 0.114824 0.000000 0.000000 0.000000 0.000000 1.000000</pose_matrix>
                            <pose_matrix name="chest">1.000000 0.000000 0.000000 -0.000000 -0.000000 0.972066 0.234710 0.509250 -0.000000 -0.234710 0.972066 0.000000 0.000000 0.000000 0.000000 1.000000</pose_matrix>
                            <pose_matrix name="neck">1.000000 -0.000000 0.000000 0.000000 0.000000 0.930156 -0.367165 0.570118 0.000000 0.367165 0.930156 -0.000000 0.000000 0.000000 0.000000 1.000000</pose_matrix>
                            <pose_matrix name="head">1.000000 0.000000 0.000000 0.000000 -0.000000 0.999097 0.042488 0.134712 0.000000 -0.042488 0.999097 0.000000 0.000000 0.000000 0.000000 1.000000</pose_matrix>
                            <pose_matrix name="upperArm.L">0.542672 0.387638 0.745147 0.477390 0.426722 -0.891359 0.152928 0.826684 0.723474 0.234981 -0.649130 -0.212825 0.000000 0.000000 0.000000 1.000000</pose_matrix>
                            <pose_matrix name="lowerArm.L">0.987597 0.147891 -0.052724 -0.000000 -0.135247 0.971881 0.192758 0.546237 0.079748 -0.183237 0.979829 -0.000000 0.000000 0.000000 0.000000 1.000000</pose_matrix>
                            <pose_matrix name="hand.L">0.995867 0.018374 -0.088948 0.000000 -0.009436 0.994955 0.099876 0.498866 0.090335 -0.098624 0.991016 -0.000000 0.000000 0.000000 0.000000 1.000000</pose_matrix>
                            <pose_matrix name="upperLeg.L">0.977130 0.113386 0.179837 0.184520 0.084547 -0.983389 0.160613 -0.365986 0.195061 -0.141736 -0.970496 -0.148761 0.000000 0.000000 0.000000 1.000000</pose_matrix>
                            <pose_matrix name="lowerLeg.L">0.996429 -0.068548 -0.049295 -0.000000 0.064410 0.994620 -0.081129 0.817255 0.054592 0.077664 0.995484 0.000000 0.000000 0.000000 0.000000 1.000000</pose_matrix>
                            <pose_matrix name="foot.L">0.983990 0.128041 0.123973 -0.000000 -0.167535 0.427256 0.888473 0.985975 0.060793 -0.895018 0.441868 -0.000000 0.000000 0.000000 0.000000 1.000000</pose_matrix>
                            <pose_matrix name="toe.L">0.929724 0.081173 0.359199 0.000000 -0.204152 0.925408 0.319284 0.302710 -0.306489 -0.370177 0.876946 0.000000 0.000000 0.000000 0.000000 1.000000</pose_matrix>
                            <pose_matrix name="upperArm.R">0.547877 -0.371037 -0.749776 -0.477390 -0.108175 -0.920159 0.376307 0.826684 -0.829536 -0.125063 -0.544270 -0.212825 0.000000 0.000000 0.000000 1.000000</pose_matrix>
                            <pose_matrix name="lowerArm.R">0.987597 -0.147891 0.052723 -0.000000 0.135247 0.971881 0.192758 0.546237 -0.079748 -0.183237 0.979829 0.000000 0.000000 0.000000 0.000000 1.000000</pose_matrix>
                            <pose_matrix name="hand.R">0.995867 -0.018374 0.088948 0.000000 0.009437 0.994955 0.099876 0.498865 -0.090334 -0.098624 0.991016 -0.000000 0.000000 0.000000 0.000000 1.000000</pose_matrix>
                            <pose_matrix name="upperLeg.R">0.977073 -0.113879 -0.179835 -0.184520 -0.111919 -0.993494 0.021020 -0.365986 -0.181059 -0.000411 -0.983472 -0.148761 0.000000 0.000000 0.000000 1.000000</pose_matrix>
                            <pose_matrix name="lowerLeg.R">0.783680 0.119952 0.609473 0.000000 -0.050057 0.990182 -0.130515 0.817255 -0.619145 0.071774 0.781990 -0.000000 0.000000 0.000000 0.000000 1.000000</pose_matrix>
                            <pose_matrix name="foot.R">0.923552 -0.381519 0.038665 -0.000000 0.147702 0.446959 0.882277 0.985976 -0.353887 -0.809117 0.469141 0.000000 0.000000 0.000000 0.000000 1.000000</pose_matrix>
                            <pose_matrix name="toe.R">0.929724 -0.081173 -0.359199 -0.000000 0.204152 0.925408 0.319284 0.302710 0.306489 -0.370177 0.876946 0.000000 0.000000 0.000000 0.000000 1.000000</pose_matrix>
                        </keyframe>
                        <keyframe time="0.167000">
                            <pose_matrix name="stomach">1.000000 0.000000 0.000000 0.000000 -0.000000 0.083148 -0.996537 0.000000 -0.000000 0.996537 0.083148 0.000000 0.000000 0.000000 0.000000 1.000000</pose_matrix>
                            <pose_matrix name="chest">1.000000 -0.000000 0.000000 -0.000000 -0.000000 0.972066 0.234710 0.509250 -0.000000 -0.234710 0.972066 0.000000 0.000000 0.000000 0.000000 1.000000</pose_matrix>
                            <pose_matrix name="neck">1.000000 -0.000000 0.000000 0.000000 0.000000 0.930156 -0.367165 0.570118 0.000000 0.367165 0.930156 0.000000 0.000000 0.000000 0.000000 1.000000</pose_matrix>
                            <pose_matrix name="head">1.000000 0.000000 0.000000 -0.000000 -0.000000 0.999097 0.042488 0.134712 0.000000 -0.042488 0.999097 -0.000000 0.000000 0.000000 0.000000 1.000000</pose_matrix>
                            <pose_matrix name="upperArm.L">0.542672 0.387638 0.745147 0.477390 0.539426 -0.840852 0.044575 0.826684 0.643837 0.377762 -0.665409 -0.212825 0.000000 0.000000 0.000000 1.000000</pose_matrix>
                            <pose_matrix name="lowerArm.L">0.987597 0.147891 -0.052724 -0.000000 -0.135247 0.971881 0.192758 0.546237 0.079748 -0.183237 0.979829 -0.000000 0.000000 0.000000 0.000000 1.000000</pose_matrix>
                            <pose_matrix name="hand.L">0.995867 0.018374 -0.088948 -0.000000 -0.009437 0.994955 0.099876 0.498866 0.090335 -0.098624 0.991016 0.000000 0.000000 0.000000 0.000000 1.000000</pose_matrix>
                            <pose_matrix name="upperLeg.L">0.977188 0.113102 0.179701 0.184520 0.084272 -0.983406 0.160654 -0.365986 0.194889 -0.141846 -0.970514 -0.148761 0.000000 0.000000 0.000000 1.000000</pose_matrix>
                            <pose_matrix name="lowerLeg.L">0.996429 -0.068548 -0.049295 0.000000 0.064410 0.994620 -0.081129 0.817256 0.054592 0.077664 0.995484 0.000000 0.000000 0.000000 0.000000 1.000000</pose_matrix>
                            <pose_matrix name="foot.L">0.983990 0.128041 0.123973 -0.000000 -0.167535 0.427256 0.888473 0.985976 0.060793 -0.895018 0.441868 0.000000 0.000000 0.000000 0.000000 1.000000</pose_matrix>
                            <pose_matrix name="toe.L">0.929724 0.081173 0.359199 -0.000000 -0.204152 0.925408 0.319284 0.302710 -0.306489 -0.370177 0.876946 0.000000 0.000000 0.000000 0.000000 1.000000</pose_matrix>
                            <pose_matrix name="upperArm.R">0.547877 -0.371037 -0.749776 -0.477390 0.111763 -0.855763 0.505153 0.826684 -0.829060 -0.360559 -0.427384 -0.212825 0.000000 0.000000 0.000000 1.000000</pose_matrix>
                            <pose_matrix name="lowerArm.R">0.987597 -0.147891 0.052723 0.000000 0.135247 0.971881 0.192758 0.546237 -0.079748 -0.183237 0.979829 -0.000000 0.000000 0.000000 0.000000 1.000000</pose_matrix>
                            <pose_matrix name="hand.R">0.995867 -0.018374 0.088948 -0.000000 0.009437 0.994955 0.099876 0.498865 -0.090334 -0.098624 0.991016 0.000000 0.000000 0.000000 0.000000 1.000000</pose_matrix>
                            <pose_matrix name="upperLeg.R">0.977073 -0.113879 -0.179836 -0.184520 -0.161261 -0.947473 -0.276203 -0.365986 -0.138935 0.298874 -0.944125 -0.148761 0.000000 0.000000 0.000000 1.000000</pose_matrix>
                            <pose_matrix name="lowerLeg.R">0.783680 0.119952 0.609473 -0.000000 -0.050057 0.990182 -0.130515 0.817256 -0.619145 0.071774 0.781990 0.000000 0.000000 0.000000 0.000000 1.000000</pose_matrix>
                            <pose_matrix name="foot.R">0.923552 -0.381519 0.038665 -0.000000 0.147702 0.446959 0.882277 0.985976 -0.353887 -0.809117 0.469141 -0.000000 0.000000 0.000000 0.000000 1.000000</pose_matrix>
                            <pose_matrix name="toe.R">0.929724 -0.081173 -0.359199 -0.000000 0.204152 0.925408 0.319284 0.302710 0.306489 -0.370177 0.876946 0.000000 0.000000 0.000000 0.000000 1.000000</pose_matrix>
                        </keyframe>
                        <keyframe time="0.333000">
                            <pose_matrix name="stomach">1.000000 0.000000 0.000000 0.000000 -0.000000 0.059027 -0.998256 0.000000 -0.000000 0.998256 0.059027 0.000000 0.000000 0.000000 0.000000 1.000000</pose_matrix>
                            <pose_matrix name="chest">1.000000 -0.000000 0.000000 0.000000 -0.000000 0.972066 0.234710 0.509250 -0.000000 -0.234710 0.972066 -0.000000 0.000000 0.000000 0.000000 1.000000</pose_matrix>
                            <pose_matrix name="neck">1.000000 -0.000000 0.000000 -0.000000 0.000000 0.930156 -0.367165 0.570118 0.000000 0.367165 0.930156 0.000000 0.000000 0.000000 0.000000 1.000000</pose_matrix>
                            <pose_matrix name="head">1.000000 0.000000 0.000000 -0.000000 -0.000000 0.999097 0.042488 0.134712 0.000000 -0.042488 0.999097 0.000000 0.000000 0.000000 0.000000 1.000000</pose_matrix>
                            <pose_matrix name="upperArm.L">0.542672 0.387638 0.745147 0.477390 0.390396 -0.901896 0.184866 0.826684 0.743705 0.190581 -0.640766 -0.212825 0.000000 0.000000 0.000000 1.000000</pose_matrix>
                            <pose_matrix name="lowerArm.L">0.987597 0.147891 -0.052724 0.000000 -0.135247 0.971881 0.192758 0.546237 0.079748 -0.183237 0.979829 -0.000000 0.000000 0.000000 0.000000 1.000000</pose_matrix>
                            <pose_matrix name="hand.L">0.995867 0.018374 -0.088948 -0.000000 -0.009436 0.994955 0.099876 0.498866 0.090335 -0.098624 0.991016 -0.000000 0.000000 0.000000 0.000000 1.000000</pose_matrix>
                            <pose_matrix name="upperLeg.L">0.977188 0.113102 0.179701 0.184520 0.084272 -0.983406 0.160654 -0.365986 0.194889 -0.141846 -0.970514 -0.148761 0.000000 0.000000 0.000000 1.000000</pose_matrix>
                            <pose_matrix name="lowerLeg.L">0.996429 -0.068548 -0.049295 -0.000000 0.064410 0.994620 -0.081129 0.817256 0.054592 0.077664 0.995484 0.000000 0.000000 0.000000 0.000000 1.000000</pose_matrix>
                            <pose_matrix name="foot.L">0.983990 0.128041 0.123973 0.000000 -0.167535 0.427256 0.888473 0.985976 0.060793 -0.895018 0.441868 -0.000000 0.000000 0.000000 0.000000 1.000000</pose_matrix>
                            <pose_matrix name="toe.L">0.929724 0.081173 0.359199 0.000000 -0.204152 0.925408 0.319284 0.302710 -0.306489 -0.370177 0.876946 0.000000 0.000000 0.000000 0.000000 1.000000</pose_matrix>
                            <pose_matrix name="upperArm.R">0.547877 -0.371037 -0.749776 -0.477390 -0.049692 -0.909113 0.413575 0.826684 -0.835082 -0.189331 -0.516519 -0.212825 0.000000 0.000000 0.000000 1.000000</pose_matrix>
                            <pose_matrix name="lowerArm.R">0.987597 -0.147891 0.052723 0.000000 0.135247 0.971881 0.192758 0.546237 -0.079748 -0.183237 0.979829 0.000000 0.000000 0.000000 0.000000 1.000000</pose_matrix>
                            <pose_matrix name="hand.R">0.995867 -0.018374 0.088948 -0.000000 0.009437 0.994955 0.099876 0.498865 -0.090334 -0.098624 0.991016 0.000000 0.000000 0.000000 0.000000 1.000000</pose_matrix>
                            <pose_matrix name="upperLeg.R">0.977073 -0.113879 -0.179835 -0.184520 -0.137633 -0.982478 -0.125662 -0.365986 -0.162374 0.147534 -0.975637 -0.148761 0.000000 0.000000 0.000000 1.000000</pose_matrix>
                            <pose_matrix name="lowerLeg.R">0.783680 0.119952 0.609473 -0.000000 -0.050057 0.990182 -0.130515 0.817256 -0.619145 0.071774 0.781990 0.000000 0.000000 0.000000 0.000000 1.000000</pose_matrix>
                            <pose_matrix name="foot.R">0.923552 -0.381519 0.038665 -0.000000 0.147702 0.446959 0.882277 0.985976 -0.353887 -0.809117 0.469141 0.000000 0.000000 0.000000 0.000000 1.000000</pose_matrix>
                            <pose_matrix name="toe.R">0.929724 -0.081173 -0.359199 -0.000000 0.204152 0.925408 0.319284 0.302710 0.306489 -0.370177 0.876946 0.000000 0.000000 0.000000 0.000000 1.000000</pose_matrix>
                        </keyframe>
                        <keyframe time="0.500000">
                            <pose_matrix name="stomach">1.000000 0.000000 0.000000 0.000000 0.000000 0.000000 -1.000000 0.000000 0.000000 1.000000 0.000000 0.000000 0.000000 0.000000 0.000000 1.000000</pose_matrix>
                            <pose_matrix name="chest">1.000000 0.000000 0.000000 0.000000 -0.000000 0.972066 0.234710 0.509250 -0.000000 -0.234710 0.972066 0.000000 0.000000 0.000000 0.000000 1.000000</pose_matrix>
                            <pose_matrix name="neck">1.000000 -0.000000 0.000000 -0.000000 0.000000 0.930156 -0.367165 0.570118 0.000000 0.367165 0.930156 0.000000 0.000000 0.000000 0.000000 1.000000</pose_matrix>
                            <pose_matrix name="head">1.000000 0.000000 0.000000 -0.000000 -0.000000 0.999097 0.042488 0.134712 0.000000 -0.042488 0.999097 0.000000 0.000000 0.000000 0.000000 1.000000</pose_matrix>
                            <pose_matrix name="upperArm.L">0.542672 0.387638 0.745147 0.477390 0.272641 -0.920395 0.280248 0.826684 0.794464 0.051075 -0.605159 -0.212825 0.000000 0.000000 0.000000 1.000000</pose_matrix>
                            <pose_matrix name="lowerArm.L">0.987597 0.147891 -0.052724 -0.000000 -0.135247 0.971881 0.192758 0.546238 0.079748 -0.183237 0.979829 0.000000 0.000000 0.000000 0.000000 1.000000</pose_matrix>
                            <pose_matrix name="hand.L">0.995867 0.018374 -0.088948 0.000000 -0.009436 0.994955 0.099876 0.498866 0.090335 -0.098624 0.991016 0.000000 0.000000 0.000000 0.000000 1.000000</pose_matrix>
                            <pose_matrix name="upperLeg.L">0.977186 0.112898 0.179843 0.184520 0.113764 -0.993492 0.005499 -0.365986 0.179293 0.015087 -0.983680 -0.148761 0.000000 0.000000 0.000000 1.000000</pose_matrix>
                            <pose_matrix name="lowerLeg.L">0.996429 -0.068548 -0.049295 0.000000 0.064410 0.994620 -0.081129 0.817255 0.054592 0.077664 0.995484 0.000000 0.000000 0.000000 0.000000 1.000000</pose_matrix>
                            <pose_matrix name="foot.L">0.983990 0.128041 0.123973 0.000000 -0.167535 0.427257 0.888473 0.985975 0.060793 -0.895018 0.441868 0.000000 0.000000 0.000000 0.000000 1.000000</pose_matrix>
                            <pose_matrix name="toe.L">0.929724 0.081173 0.359199 0.000000 -0.204152 0.925408 0.319284 0.302710 -0.306489 -0.370177 0.876945 -0.000000 0.000000 0.000000 0.000000 1.000000</pose_matrix>
                            <pose_matrix name="upperArm.R">0.547876 -0.371037 -0.749776 -0.477390 -0.199638 -0.928356 0.313529 0.826684 -0.812389 -0.022092 -0.582697 -0.212825 0.000000 0.000000 0.000000 1.000000</pose_matrix>
                            <pose_matrix name="lowerArm.R">0.987597 -0.147891 0.052723 0.000000 0.135247 0.971881 0.192758 0.546238 -0.079748 -0.183237 0.979829 0.000000 0.000000 0.000000 0.000000 1.000000</pose_matrix>
                            <pose_matrix name="hand.R">0.995867 -0.018374 0.088948 0.000000 0.009437 0.994955 0.099876 0.498865 -0.090334 -0.098624 0.991016 0.000000 0.000000 0.000000 0.000000 1.000000</pose_matrix>
                            <pose_matrix name="upperLeg.R">0.967353 -0.179287 -0.179068 -0.184520 -0.179065 -0.983680 0.017521 -0.365986 -0.179287 0.015116 -0.983681 -0.148761 0.000000 0.000000 0.000000 1.000000</pose_matrix>
                            <pose_matrix name="lowerLeg.R">0.996429 0.068548 0.049296 0.000000 -0.064410 0.994620 -0.081129 0.817255 -0.054592 0.077664 0.995484 -0.000000 0.000000 0.000000 0.000000 1.000000</pose_matrix>
                            <pose_matrix name="foot.R">0.983990 -0.128041 -0.123973 0.000000 0.167535 0.427256 0.888473 0.985976 -0.060793 -0.895018 0.441868 0.000000 0.000000 0.000000 0.000000 1.000000</pose_matrix>
                            <pose_matrix name="toe.R">0.929724 -0.081173 -0.359199 0.000000 0.204152 0.925408 0.319284 0.302710 0.306489 -0.370177 0.876946 -0.000000 0.000000 0.000000 0.000000 1.000000</pose_matrix>
                        </keyframe>
                    </animation>
                </animations>
            </mesh>
            
        </meshes>
        
        <point_lights>
            
            <point_light name="Lamp">
                <falloff_distance>29.999983</falloff_distance>
                <energy>1.000000</energy>
                <linear_attenuation>0.000000</linear_attenuation>
                <quadratic_attenuation>1.000000</quadratic_attenuation>
                <light_color>1.000000 1.000000 1.000000 1.0</light_color>
                <local_matrix>-0.290865 -0.771101 0.566393 4.076245 -0.055189 0.604525 0.794672 5.903862 0.955171 -0.199883 0.218391 1.005454 0.000000 0.000000 0.000000 1.000000</local_matrix>
            </point_light>
            
        </point_lights>
        
    </asset>
</UntoldEngine>

