<?xml version="1.0" encoding="utf-8"?>
<UntoldEngine xmlns="" version="0.0.1">
<asset>
<meshes>
<mesh name="Cube" vertex_count="24" index_count="24">
</mesh>

<mesh name="pele" vertex_count="7590" index_count="7590">
<animations>
<modeler_animation_transform>1.000000 -0.000000 0.000000 -0.000000 -0.000000 0.000000 -1.000000 0.000000 0.000000 1.000000 0.000000 -0.000000 -0.000000 0.000000 -0.000000 1.000000</modeler_animation_transform>

<animation name="rightfootforwardkick" fps="24.000000">
<keyframe time="0.000000">
<pose_matrix name="stomach">1.000000 0.000000 -0.000000 0.000000 0.000000 -0.084286 -0.996442 0.000000 -0.000000 0.996442 -0.084286 -0.817014 0.000000 0.000000 0.000000 1.000000</pose_matrix>
<pose_matrix name="chest">1.000000 -0.000000 0.000000 0.000000 -0.000000 1.000000 0.000000 2.523677 0.000000 0.000000 1.000000 0.000000 0.000000 0.000000 0.000000 1.000000</pose_matrix>
<pose_matrix name="head">1.000000 -0.000000 0.000000 -0.000000 -0.000000 1.000000 0.000000 2.542380 0.000000 0.000000 1.000000 0.000000 0.000000 0.000000 0.000000 1.000000</pose_matrix>
<pose_matrix name="shoulder.L">0.002855 0.998572 -0.053354 0.592326 -0.053354 0.053431 0.997145 2.026872 0.998572 -0.000000 0.053431 -0.835659 0.000000 0.000000 0.000000 1.000000</pose_matrix>
<pose_matrix name="upperArm.L">0.719885 -0.677810 0.149462 -0.000000 -0.082115 0.130653 0.988022 1.307507 -0.689219 -0.723535 0.038397 0.000000 0.000000 0.000000 0.000000 1.000000</pose_matrix>
<pose_matrix name="lowerArm.L">0.835783 0.542980 -0.081475 0.000000 -0.545787 0.837781 -0.015479 2.321185 0.059854 0.057405 0.996555 0.000000 0.000000 0.000000 0.000000 1.000000</pose_matrix>
<pose_matrix name="shoulder.R">0.002855 -0.998571 0.053355 -0.592326 0.053355 0.053431 0.997145 2.026872 -0.998571 -0.000000 0.053431 -0.835659 0.000000 0.000000 0.000000 1.000000</pose_matrix>
<pose_matrix name="upperArm.R">0.902620 -0.404188 0.148016 -0.000000 -0.102721 0.131671 0.985957 1.307508 -0.418001 -0.905149 0.077330 -0.000000 0.000000 0.000000 0.000000 1.000000</pose_matrix>
<pose_matrix name="lowerArm.R">0.669493 -0.735795 0.101905 -0.000000 0.730340 0.677063 0.090495 2.321185 -0.135581 0.013840 0.990670 0.000000 0.000000 0.000000 0.000000 1.000000</pose_matrix>
<pose_matrix name="upperLeg.L">0.999548 0.025854 0.025838 0.954478 0.035351 -0.863813 -0.502572 -1.605162 0.009335 0.503149 -0.864149 -0.472286 0.000000 0.000000 0.000000 1.000000</pose_matrix>
<pose_matrix name="lowerLeg.L">0.996623 -0.058073 -0.058050 -0.000000 0.058062 0.998311 -0.001875 4.164524 0.058061 -0.001502 0.998312 0.000000 0.000000 0.000000 0.000000 1.000000</pose_matrix>
<pose_matrix name="foot.L">0.998958 -0.017996 0.041950 0.000000 -0.032283 0.371198 0.927993 4.306372 -0.032272 -0.928379 0.370230 0.000000 0.000000 0.000000 0.000000 1.000000</pose_matrix>
<pose_matrix name="upperLeg.R">0.999548 -0.025848 -0.025846 -0.954478 -0.010381 -0.878454 0.477715 -1.605162 -0.035056 -0.477128 -0.878135 -0.472286 0.000000 0.000000 0.000000 1.000000</pose_matrix>
<pose_matrix name="lowerLeg.R">0.996850 0.067563 0.041549 -0.000000 -0.037467 0.862825 -0.504112 4.164523 -0.069908 0.500967 0.862638 -0.000000 0.000000 0.000000 0.000000 1.000000</pose_matrix>
<pose_matrix name="foot.R">0.998958 0.021963 -0.040014 -0.000000 0.032283 0.279807 0.959513 4.306371 0.032270 -0.959805 0.278807 0.000001 0.000000 0.000000 0.000000 1.000000</pose_matrix>
</keyframe>
<keyframe time="0.208000">
<pose_matrix name="stomach">1.000000 0.000000 -0.000000 0.000000 0.000000 -0.072057 -0.997400 0.000000 -0.000000 0.997400 -0.072057 -0.626512 0.000000 0.000000 0.000000 1.000000</pose_matrix>
<pose_matrix name="chest">1.000000 -0.000000 0.000000 -0.000000 0.000000 1.000000 0.000000 2.523677 0.000000 -0.000000 1.000000 -0.000000 0.000000 0.000000 0.000000 1.000000</pose_matrix>
<pose_matrix name="head">1.000000 -0.000000 0.000000 -0.000000 0.000000 1.000000 0.000000 2.542380 0.000000 -0.000000 1.000000 -0.000000 0.000000 0.000000 0.000000 1.000000</pose_matrix>
<pose_matrix name="shoulder.L">0.002855 0.998572 -0.053354 0.592326 -0.053354 0.053431 0.997145 2.026873 0.998572 -0.000000 0.053431 -0.835659 0.000000 0.000000 0.000000 1.000000</pose_matrix>
<pose_matrix name="upperArm.L">0.866148 -0.465808 0.181134 0.000000 -0.109577 0.176615 0.978162 1.307507 -0.487627 -0.867081 0.101933 0.000000 0.000000 0.000000 0.000000 1.000000</pose_matrix>
<pose_matrix name="lowerArm.L">0.885961 0.455327 -0.088038 -0.000000 -0.459189 0.887864 -0.029032 2.321185 0.064947 0.066147 0.995694 -0.000000 0.000000 0.000000 0.000000 1.000000</pose_matrix>
<pose_matrix name="shoulder.R">0.002855 -0.998571 0.053355 -0.592326 0.053355 0.053431 0.997145 2.026872 -0.998571 -0.000000 0.053431 -0.835659 0.000000 0.000000 0.000000 1.000000</pose_matrix>
<pose_matrix name="upperArm.R">0.944072 -0.284025 0.167507 -0.000000 -0.118145 0.182907 0.976005 1.307507 -0.307848 -0.941209 0.139121 0.000001 0.000000 0.000000 0.000000 1.000000</pose_matrix>
<pose_matrix name="lowerArm.R">0.686708 -0.715151 0.130351 0.000000 0.706149 0.698834 0.113952 2.321186 -0.172587 0.013796 0.984898 -0.000000 0.000000 0.000000 0.000000 1.000000</pose_matrix>
<pose_matrix name="upperLeg.L">0.999548 0.025854 0.025838 0.954478 0.035516 -0.854452 -0.518315 -1.605162 0.008686 0.518886 -0.854799 -0.472286 0.000000 0.000000 0.000000 1.000000</pose_matrix>
<pose_matrix name="lowerLeg.L">0.996902 -0.068057 -0.039422 0.000000 0.034810 0.831266 -0.554783 4.164523 0.070527 0.551693 0.831060 0.000000 0.000000 0.000000 0.000000 1.000000</pose_matrix>
<pose_matrix name="foot.L">0.998958 -0.023484 0.039141 -0.000000 -0.032283 0.242713 0.969561 4.306370 -0.032269 -0.969814 0.241702 0.000000 0.000000 0.000000 0.000000 1.000000</pose_matrix>
<pose_matrix name="upperLeg.R">0.999548 -0.025849 -0.025842 -0.954478 -0.022614 -0.992651 0.118887 -1.605162 -0.028730 -0.118223 -0.992571 -0.472286 0.000000 0.000000 0.000000 1.000000</pose_matrix>
<pose_matrix name="lowerLeg.R">0.997666 0.065880 0.017938 0.000000 -0.007982 0.373445 -0.927618 4.164523 -0.067810 0.925310 0.373100 -0.000000 0.000000 0.000000 0.000000 1.000000</pose_matrix>
<pose_matrix name="foot.R">0.998958 0.021035 -0.040510 -0.000000 0.032283 0.301850 0.952809 4.306371 0.032270 -0.953123 0.300857 -0.000000 0.000000 0.000000 0.000000 1.000000</pose_matrix>
</keyframe>
<keyframe time="0.375000">
<pose_matrix name="stomach">1.000000 -0.000000 -0.000000 0.000000 -0.000000 0.079950 -0.996799 0.000000 0.000000 0.996799 0.079950 0.000000 0.000000 0.000000 0.000000 1.000000</pose_matrix>
<pose_matrix name="chest">1.000000 0.000000 0.000000 -0.000000 -0.000000 1.000000 -0.000000 2.523677 0.000000 0.000000 1.000000 0.000000 0.000000 0.000000 0.000000 1.000000</pose_matrix>
<pose_matrix name="head">1.000000 0.000000 0.000000 -0.000000 -0.000000 1.000000 -0.000000 2.542379 0.000000 0.000000 1.000000 -0.000000 0.000000 0.000000 0.000000 1.000000</pose_matrix>
<pose_matrix name="shoulder.L">0.002855 0.998572 -0.053354 0.592326 -0.053354 0.053431 0.997145 2.026872 0.998572 -0.000000 0.053431 -0.835659 0.000000 0.000000 0.000000 1.000000</pose_matrix>
<pose_matrix name="upperArm.L">0.940444 0.339899 -0.005731 0.000000 -0.037548 0.120613 0.991989 1.307507 0.337868 -0.932695 0.126192 -0.000000 0.000000 0.000000 0.000000 1.000000</pose_matrix>
<pose_matrix name="lowerArm.L">0.876268 0.476768 -0.069621 0.000000 -0.479135 0.877478 -0.021492 2.321185 0.050844 0.052190 0.997342 0.000000 0.000000 0.000000 0.000000 1.000000</pose_matrix>
<pose_matrix name="shoulder.R">0.002855 -0.998571 0.053355 -0.592326 0.053355 0.053431 0.997145 2.026871 -0.998571 -0.000000 0.053431 -0.835658 0.000000 0.000000 0.000000 1.000000</pose_matrix>
<pose_matrix name="upperArm.R">0.898100 0.439690 -0.009473 0.000000 -0.049706 0.122882 0.991176 1.307507 0.436974 -0.889704 0.132216 0.000000 0.000000 0.000000 0.000000 1.000000</pose_matrix>
<pose_matrix name="lowerArm.R">0.842122 -0.535183 0.066403 -0.000000 0.533657 0.844735 0.040411 2.321186 -0.077720 0.001406 0.996974 0.000000 0.000000 0.000000 0.000000 1.000000</pose_matrix>
<pose_matrix name="upperLeg.L">0.999548 0.025849 0.025842 0.954478 0.023240 -0.995011 0.097024 -1.605162 0.028226 -0.096359 -0.994947 -0.472286 0.000000 0.000000 0.000000 1.000000</pose_matrix>
<pose_matrix name="lowerLeg.L">0.996623 -0.058073 -0.058050 -0.000000 0.058062 0.998311 -0.001875 4.164524 0.058061 -0.001502 0.998312 0.000000 0.000000 0.000000 0.000000 1.000000</pose_matrix>
<pose_matrix name="foot.L">0.998958 -0.018337 0.041802 -0.000000 -0.032282 0.363631 0.930984 4.306370 -0.032272 -0.931363 0.362660 -0.000000 0.000000 0.000000 0.000000 1.000000</pose_matrix>
<pose_matrix name="upperLeg.R">0.999549 -0.025845 -0.025828 -0.954478 -0.033539 -0.929546 -0.367179 -1.605162 -0.014527 0.367800 -0.929792 -0.472286 0.000000 0.000000 0.000000 1.000000</pose_matrix>
<pose_matrix name="lowerLeg.R">0.997598 0.066476 0.019463 -0.000000 -0.009854 0.414336 -0.910070 4.164523 -0.068562 0.907693 0.413996 0.000000 0.000000 0.000000 0.000000 1.000000</pose_matrix>
<pose_matrix name="foot.R">0.998958 -0.004694 -0.045407 0.000000 0.032284 0.775897 0.630034 4.306371 0.032274 -0.630843 0.775239 0.000000 0.000000 0.000000 0.000000 1.000000</pose_matrix>
</keyframe>
<keyframe time="0.542000">
<pose_matrix name="stomach">1.000000 -0.000000 -0.000000 0.000000 -0.000000 0.122715 -0.992442 0.000000 0.000000 0.992442 0.122715 0.000000 0.000000 0.000000 0.000000 1.000000</pose_matrix>
<pose_matrix name="chest">1.000000 0.000000 0.000000 0.000000 0.000000 1.000000 0.000000 2.523677 0.000000 0.000000 1.000000 0.000000 0.000000 0.000000 0.000000 1.000000</pose_matrix>
<pose_matrix name="head">1.000000 0.000000 0.000000 0.000000 0.000000 1.000000 0.000000 2.542380 0.000000 0.000000 1.000000 0.000000 0.000000 0.000000 0.000000 1.000000</pose_matrix>
<pose_matrix name="shoulder.L">0.002855 0.998572 -0.053354 0.592326 -0.053354 0.053431 0.997145 2.026872 0.998572 -0.000000 0.053431 -0.835658 0.000000 0.000000 0.000000 1.000000</pose_matrix>
<pose_matrix name="upperArm.L">0.828033 0.558464 -0.049796 0.000000 -0.025352 0.126015 0.991704 1.307507 0.560106 -0.819901 0.118503 -0.000001 0.000000 0.000000 0.000000 1.000000</pose_matrix>
<pose_matrix name="lowerArm.L">0.783970 0.612466 -0.101375 0.000000 -0.616857 0.786909 -0.016202 2.321185 0.069850 0.075236 0.994716 0.000000 0.000000 0.000000 0.000000 1.000000</pose_matrix>
<pose_matrix name="shoulder.R">0.002855 -0.998571 0.053355 -0.592326 0.053355 0.053431 0.997145 2.026871 -0.998571 -0.000000 0.053431 -0.835659 0.000000 0.000000 0.000000 1.000000</pose_matrix>
<pose_matrix name="upperArm.R">0.723483 0.687234 -0.065440 0.000000 -0.036720 0.132969 0.990440 1.307507 0.689365 -0.714163 0.121436 -0.000001 0.000000 0.000000 0.000000 1.000000</pose_matrix>
<pose_matrix name="lowerArm.R">0.889380 -0.454022 0.053547 -0.000000 0.453180 0.890991 0.027632 2.321186 -0.060255 -0.000309 0.998183 0.000000 0.000000 0.000000 0.000000 1.000000</pose_matrix>
<pose_matrix name="upperLeg.L">0.999548 0.025849 0.025843 0.954478 0.021320 -0.986446 0.162698 -1.605162 0.029703 -0.162038 -0.986337 -0.472286 0.000000 0.000000 0.000000 1.000000</pose_matrix>
<pose_matrix name="lowerLeg.L">0.996623 -0.058073 -0.058050 -0.000000 0.058062 0.998311 -0.001875 4.164524 0.058061 -0.001502 0.998312 -0.000000 0.000000 0.000000 0.000000 1.000000</pose_matrix>
<pose_matrix name="foot.L">0.998958 -0.018337 0.041802 0.000000 -0.032282 0.363631 0.930984 4.306371 -0.032272 -0.931363 0.362660 -0.000000 0.000000 0.000000 0.000000 1.000000</pose_matrix>
<pose_matrix name="upperLeg.R">0.999549 -0.025851 -0.025830 -0.954478 -0.036277 -0.788330 -0.614183 -1.605162 -0.004496 0.614709 -0.788741 -0.472286 0.000000 0.000000 0.000000 1.000000</pose_matrix>
<pose_matrix name="lowerLeg.R">0.997588 0.066560 0.019682 -0.000000 -0.010146 0.420358 -0.907302 4.164523 -0.068663 0.904914 0.420019 0.000000 0.000000 0.000000 0.000000 1.000000</pose_matrix>
<pose_matrix name="foot.R">0.998958 -0.000920 -0.045638 0.000000 0.032279 0.721170 0.692006 4.306371 0.032276 -0.692758 0.720448 0.000000 0.000000 0.000000 0.000000 1.000000</pose_matrix>
</keyframe>
<keyframe time="0.708000">
<pose_matrix name="stomach">1.000000 -0.000000 -0.000000 0.000000 -0.000000 0.122715 -0.992442 0.000000 0.000000 0.992442 0.122715 0.000000 0.000000 0.000000 0.000000 1.000000</pose_matrix>
<pose_matrix name="chest">1.000000 0.000000 0.000000 0.000000 0.000000 1.000000 0.000000 2.523677 0.000000 0.000000 1.000000 0.000000 0.000000 0.000000 0.000000 1.000000</pose_matrix>
<pose_matrix name="head">1.000000 0.000000 0.000000 0.000000 0.000000 1.000000 0.000000 2.542380 0.000000 0.000000 1.000000 0.000000 0.000000 0.000000 0.000000 1.000000</pose_matrix>
<pose_matrix name="shoulder.L">0.002855 0.998572 -0.053354 0.592326 -0.053354 0.053431 0.997145 2.026872 0.998572 -0.000000 0.053431 -0.835658 0.000000 0.000000 0.000000 1.000000</pose_matrix>
<pose_matrix name="upperArm.L">0.698903 0.710365 -0.083159 0.000000 -0.016705 0.132454 0.991049 1.307507 0.715021 -0.691258 0.104439 -0.000001 0.000000 0.000000 0.000000 1.000000</pose_matrix>
<pose_matrix name="lowerArm.L">0.883468 0.463718 -0.066701 0.000000 -0.465929 0.884556 -0.021710 2.321185 0.048934 0.050258 0.997537 0.000000 0.000000 0.000000 0.000000 1.000000</pose_matrix>
<pose_matrix name="shoulder.R">0.002855 -0.998571 0.053355 -0.592326 0.053355 0.053431 0.997145 2.026871 -0.998571 -0.000000 0.053431 -0.835659 0.000000 0.000000 0.000000 1.000000</pose_matrix>
<pose_matrix name="upperArm.R">0.694194 0.716111 -0.072655 0.000000 -0.035224 0.134617 0.990271 1.307507 0.718925 -0.684882 0.118675 -0.000001 0.000000 0.000000 0.000000 1.000000</pose_matrix>
<pose_matrix name="lowerArm.R">0.973712 -0.227272 0.015209 -0.000000 0.227290 0.973827 0.000596 2.321186 -0.014947 0.002876 0.999884 -0.000000 0.000000 0.000000 0.000000 1.000000</pose_matrix>
<pose_matrix name="upperLeg.L">0.999548 0.025849 0.025843 0.954478 0.021320 -0.986446 0.162698 -1.605162 0.029703 -0.162038 -0.986337 -0.472286 0.000000 0.000000 0.000000 1.000000</pose_matrix>
<pose_matrix name="lowerLeg.L">0.996623 -0.058073 -0.058050 -0.000000 0.058062 0.998311 -0.001875 4.164524 0.058061 -0.001502 0.998312 -0.000000 0.000000 0.000000 0.000000 1.000000</pose_matrix>
<pose_matrix name="foot.L">0.998958 -0.018337 0.041802 0.000000 -0.032282 0.363631 0.930984 4.306371 -0.032272 -0.931363 0.362660 -0.000000 0.000000 0.000000 0.000000 1.000000</pose_matrix>
<pose_matrix name="upperLeg.R">0.999549 -0.025852 -0.025831 -0.954478 -0.036257 -0.791071 -0.610650 -1.605162 -0.004658 0.611178 -0.791479 -0.472286 0.000000 0.000000 0.000000 1.000000</pose_matrix>
<pose_matrix name="lowerLeg.R">0.996623 0.058073 0.058050 0.000000 -0.058062 0.998311 -0.001875 4.164523 -0.058061 -0.001502 0.998312 0.000000 0.000000 0.000000 0.000000 1.000000</pose_matrix>
<pose_matrix name="foot.R">0.998958 0.000760 -0.045641 -0.000000 0.032280 0.695200 0.718091 4.306372 0.032276 -0.718816 0.694451 0.000000 0.000000 0.000000 0.000000 1.000000</pose_matrix>
</keyframe>
</animation>
</animations>
</mesh>

</meshes>

<point_lights>

<point_light name="Lamp">
<falloff_distance>29.999983</falloff_distance>
<energy>1.000000</energy>
<linear_attenuation>0.000000</linear_attenuation>
<quadratic_attenuation>1.000000</quadratic_attenuation>
<light_color>1.000000 1.000000 1.000000 1.0</light_color>
<local_matrix>-0.290865 -0.771101 0.566393 4.076245 -0.055189 0.604525 0.794672 5.903862 -0.955171 0.199883 -0.218391 -1.005453 0.000000 0.000000 0.000000 1.000000</local_matrix>
</point_light>

</point_lights>

</asset>
</UntoldEngine>

