<?xml version="1.0" encoding="utf-8"?>
<UntoldEngine xmlns="" version="0.0.1">
<asset>
<meshes>
<mesh name="player" vertex_count="8676" index_count="8676">
<animations>
<modeler_animation_transform>1.000000 0.000000 -0.000000 0.000000 0.000000 -0.000000 1.000000 -0.000000 -0.000000 1.000000 0.000000 -0.000000 0.000000 -0.000000 0.000000 1.000000</modeler_animation_transform>

<animation name="rightreversekick" fps="24.000000">
<keyframe time="0.000000">
<pose_matrix name="stomach">1.000000 0.000000 0.000000 0.000000 0.000000 0.000000 -1.000000 0.000000 0.000000 1.000000 0.000000 0.000000 0.000000 0.000000 0.000000 1.000000</pose_matrix>
<pose_matrix name="chest">1.000000 0.000000 0.000000 0.000000 -0.000000 0.972066 0.234710 0.509250 -0.000000 -0.234710 0.972066 0.000000 0.000000 0.000000 0.000000 1.000000</pose_matrix>
<pose_matrix name="neck">0.998357 0.056740 -0.007940 -0.000000 -0.055692 0.928575 -0.366943 0.570118 -0.013447 0.366783 0.930209 0.000000 0.000000 0.000000 0.000000 1.000000</pose_matrix>
<pose_matrix name="head">1.000000 0.000000 0.000000 0.000000 -0.000000 0.999097 0.042488 0.134712 0.000000 -0.042488 0.999097 0.000000 0.000000 0.000000 0.000000 1.000000</pose_matrix>
<pose_matrix name="upperArm.L">0.542672 0.387638 0.745147 0.477390 -0.254941 -0.769271 0.585855 0.826684 0.800320 -0.507895 -0.318638 -0.212825 0.000000 0.000000 0.000000 1.000000</pose_matrix>
<pose_matrix name="lowerArm.L">0.987597 0.147891 -0.052724 -0.000000 -0.135247 0.971881 0.192758 0.546237 0.079748 -0.183237 0.979829 -0.000000 0.000000 0.000000 0.000000 1.000000</pose_matrix>
<pose_matrix name="hand.L">0.995867 0.018374 -0.088948 -0.000000 -0.009437 0.994955 0.099876 0.498866 0.090335 -0.098624 0.991016 0.000000 0.000000 0.000000 0.000000 1.000000</pose_matrix>
<pose_matrix name="upperLeg.L">0.977130 0.113386 0.179838 0.184520 0.171544 -0.920170 -0.351934 -0.365986 0.125577 0.374740 -0.918586 -0.148761 0.000000 0.000000 0.000000 1.000000</pose_matrix>
<pose_matrix name="lowerLeg.L">0.996429 -0.068548 -0.049295 0.000000 0.064410 0.994620 -0.081129 0.817255 0.054592 0.077664 0.995484 -0.000000 0.000000 0.000000 0.000000 1.000000</pose_matrix>
<pose_matrix name="foot.L">0.983990 0.128041 0.123973 -0.000000 -0.167535 0.427257 0.888473 0.985976 0.060793 -0.895018 0.441868 0.000000 0.000000 0.000000 0.000000 1.000000</pose_matrix>
<pose_matrix name="toe.L">0.929724 0.081173 0.359199 0.000000 -0.204152 0.925408 0.319284 0.302710 -0.306489 -0.370177 0.876946 0.000000 0.000000 0.000000 0.000000 1.000000</pose_matrix>
<pose_matrix name="upperArm.R">0.547877 -0.371036 -0.749776 -0.477390 -0.563751 -0.825939 -0.003218 0.826684 -0.618075 0.424449 -0.661685 -0.212825 0.000000 0.000000 0.000000 1.000000</pose_matrix>
<pose_matrix name="lowerArm.R">0.941807 -0.324090 0.089249 -0.000000 0.280583 0.904117 0.322250 0.546237 -0.185129 -0.278456 0.942438 -0.000000 0.000000 0.000000 0.000000 1.000000</pose_matrix>
<pose_matrix name="hand.R">0.995867 -0.018374 0.088948 0.000000 0.009437 0.994955 0.099876 0.498865 -0.090334 -0.098624 0.991016 -0.000000 0.000000 0.000000 0.000000 1.000000</pose_matrix>
<pose_matrix name="upperLeg.R">0.977073 -0.113879 -0.179834 -0.184520 -0.047011 -0.939446 0.339456 -0.365986 -0.207601 -0.323222 -0.923271 -0.148761 0.000000 0.000000 0.000000 1.000000</pose_matrix>
<pose_matrix name="lowerLeg.R">0.988932 0.140573 -0.047463 0.000000 -0.140729 0.787387 -0.600181 0.817256 -0.046997 0.600218 0.798455 -0.000000 0.000000 0.000000 0.000000 1.000000</pose_matrix>
<pose_matrix name="foot.R">0.983990 -0.128041 -0.123973 0.000000 0.167535 0.427257 0.888473 0.985976 -0.060793 -0.895018 0.441868 0.000000 0.000000 0.000000 0.000000 1.000000</pose_matrix>
<pose_matrix name="toe.R">0.929724 -0.081173 -0.359199 -0.000000 0.204152 0.925408 0.319284 0.302710 0.306489 -0.370177 0.876946 0.000000 0.000000 0.000000 0.000000 1.000000</pose_matrix>
</keyframe>
<keyframe time="0.208000">
<pose_matrix name="stomach">1.000000 0.000000 0.000000 0.000000 0.000000 0.000000 -1.000000 0.000000 0.000000 1.000000 0.000000 -0.066144 0.000000 0.000000 0.000000 1.000000</pose_matrix>
<pose_matrix name="chest">1.000000 0.000000 0.000000 0.000000 -0.000000 0.972066 0.234710 0.509250 -0.000000 -0.234710 0.972066 0.000000 0.000000 0.000000 0.000000 1.000000</pose_matrix>
<pose_matrix name="neck">0.999911 0.013210 -0.001849 0.000000 -0.012966 0.930070 -0.367153 0.570118 -0.003131 0.367144 0.930159 0.000000 0.000000 0.000000 0.000000 1.000000</pose_matrix>
<pose_matrix name="head">1.000000 0.000000 0.000000 -0.000000 -0.000000 0.999097 0.042488 0.134712 0.000000 -0.042488 0.999097 0.000000 0.000000 0.000000 0.000000 1.000000</pose_matrix>
<pose_matrix name="upperArm.L">0.542672 0.387638 0.745147 0.477390 0.027446 -0.894848 0.445527 0.826684 0.839496 -0.221324 -0.496248 -0.212825 0.000000 0.000000 0.000000 1.000000</pose_matrix>
<pose_matrix name="lowerArm.L">0.987597 0.147891 -0.052724 -0.000000 -0.135247 0.971881 0.192758 0.546237 0.079748 -0.183237 0.979829 -0.000000 0.000000 0.000000 0.000000 1.000000</pose_matrix>
<pose_matrix name="hand.L">0.995867 0.018374 -0.088948 0.000000 -0.009436 0.994955 0.099876 0.498866 0.090335 -0.098624 0.991016 -0.000000 0.000000 0.000000 0.000000 1.000000</pose_matrix>
<pose_matrix name="upperLeg.L">0.977130 0.113386 0.179839 0.184520 0.188687 -0.852264 -0.487894 -0.365986 0.097949 0.510675 -0.854176 -0.148761 0.000000 0.000000 0.000000 1.000000</pose_matrix>
<pose_matrix name="lowerLeg.L">0.989047 -0.140237 0.046041 -0.000000 0.139878 0.790946 -0.595684 0.817255 0.047121 0.595599 0.801898 -0.000000 0.000000 0.000000 0.000000 1.000000</pose_matrix>
<pose_matrix name="foot.L">0.983990 0.128041 0.123973 0.000000 -0.167535 0.427256 0.888473 0.985976 0.060793 -0.895018 0.441868 0.000000 0.000000 0.000000 0.000000 1.000000</pose_matrix>
<pose_matrix name="toe.L">0.929724 0.081173 0.359199 -0.000000 -0.204152 0.925408 0.319284 0.302711 -0.306489 -0.370177 0.876946 -0.000000 0.000000 0.000000 0.000000 1.000000</pose_matrix>
<pose_matrix name="upperArm.R">0.547877 -0.371037 -0.749776 -0.477390 -0.386916 -0.907027 0.166127 0.826684 -0.741706 0.199083 -0.640499 -0.212825 0.000000 0.000000 0.000000 1.000000</pose_matrix>
<pose_matrix name="lowerArm.R">0.987597 -0.147891 0.052724 0.000000 0.135247 0.971881 0.192758 0.546237 -0.079748 -0.183237 0.979829 0.000000 0.000000 0.000000 0.000000 1.000000</pose_matrix>
<pose_matrix name="hand.R">0.995867 -0.018374 0.088948 0.000000 0.009437 0.994955 0.099876 0.498865 -0.090334 -0.098624 0.991016 -0.000000 0.000000 0.000000 0.000000 1.000000</pose_matrix>
<pose_matrix name="upperLeg.R">0.977073 -0.113879 -0.179834 -0.184520 -0.093715 -0.988712 0.116897 -0.365986 -0.191117 -0.097365 -0.976726 -0.148761 0.000000 0.000000 0.000000 1.000000</pose_matrix>
<pose_matrix name="lowerLeg.R">0.987271 0.145786 -0.063575 -0.000000 -0.151177 0.736031 -0.659851 0.817256 -0.049404 0.661063 0.748702 -0.000000 0.000000 0.000000 0.000000 1.000000</pose_matrix>
<pose_matrix name="foot.R">0.983990 -0.128041 -0.123973 0.000000 0.167535 0.427257 0.888473 0.985976 -0.060793 -0.895018 0.441868 0.000000 0.000000 0.000000 0.000000 1.000000</pose_matrix>
<pose_matrix name="toe.R">0.929724 -0.081173 -0.359199 -0.000000 0.204152 0.925408 0.319284 0.302710 0.306489 -0.370177 0.876945 0.000000 0.000000 0.000000 0.000000 1.000000</pose_matrix>
</keyframe>
<keyframe time="0.375000">
<pose_matrix name="stomach">1.000000 0.000000 0.000000 0.000000 -0.000000 0.114824 -0.993386 0.000000 -0.000000 0.993386 0.114824 0.000000 0.000000 0.000000 0.000000 1.000000</pose_matrix>
<pose_matrix name="chest">1.000000 0.000000 0.000000 -0.000000 -0.000000 0.972066 0.234710 0.509250 -0.000000 -0.234710 0.972066 0.000000 0.000000 0.000000 0.000000 1.000000</pose_matrix>
<pose_matrix name="neck">1.000000 -0.000000 0.000000 0.000000 0.000000 0.930156 -0.367165 0.570118 0.000000 0.367165 0.930156 -0.000000 0.000000 0.000000 0.000000 1.000000</pose_matrix>
<pose_matrix name="head">1.000000 0.000000 0.000000 0.000000 -0.000000 0.999097 0.042488 0.134712 0.000000 -0.042488 0.999097 0.000000 0.000000 0.000000 0.000000 1.000000</pose_matrix>
<pose_matrix name="upperArm.L">0.542672 0.387638 0.745147 0.477390 0.426722 -0.891359 0.152928 0.826684 0.723474 0.234981 -0.649130 -0.212825 0.000000 0.000000 0.000000 1.000000</pose_matrix>
<pose_matrix name="lowerArm.L">0.987597 0.147891 -0.052724 -0.000000 -0.135247 0.971881 0.192758 0.546237 0.079748 -0.183237 0.979829 -0.000000 0.000000 0.000000 0.000000 1.000000</pose_matrix>
<pose_matrix name="hand.L">0.995867 0.018374 -0.088948 0.000000 -0.009436 0.994955 0.099876 0.498866 0.090335 -0.098624 0.991016 -0.000000 0.000000 0.000000 0.000000 1.000000</pose_matrix>
<pose_matrix name="upperLeg.L">0.977130 0.113386 0.179837 0.184520 0.084547 -0.983389 0.160613 -0.365986 0.195061 -0.141736 -0.970496 -0.148761 0.000000 0.000000 0.000000 1.000000</pose_matrix>
<pose_matrix name="lowerLeg.L">0.996429 -0.068548 -0.049295 -0.000000 0.064410 0.994620 -0.081129 0.817255 0.054592 0.077664 0.995484 0.000000 0.000000 0.000000 0.000000 1.000000</pose_matrix>
<pose_matrix name="foot.L">0.983990 0.128041 0.123973 -0.000000 -0.167535 0.427256 0.888473 0.985975 0.060793 -0.895018 0.441868 -0.000000 0.000000 0.000000 0.000000 1.000000</pose_matrix>
<pose_matrix name="toe.L">0.929724 0.081173 0.359199 0.000000 -0.204152 0.925408 0.319284 0.302710 -0.306489 -0.370177 0.876946 0.000000 0.000000 0.000000 0.000000 1.000000</pose_matrix>
<pose_matrix name="upperArm.R">0.547877 -0.371037 -0.749776 -0.477390 -0.108175 -0.920159 0.376307 0.826684 -0.829536 -0.125063 -0.544270 -0.212825 0.000000 0.000000 0.000000 1.000000</pose_matrix>
<pose_matrix name="lowerArm.R">0.987597 -0.147891 0.052723 -0.000000 0.135247 0.971881 0.192758 0.546237 -0.079748 -0.183237 0.979829 0.000000 0.000000 0.000000 0.000000 1.000000</pose_matrix>
<pose_matrix name="hand.R">0.995867 -0.018374 0.088948 0.000000 0.009437 0.994955 0.099876 0.498865 -0.090334 -0.098624 0.991016 -0.000000 0.000000 0.000000 0.000000 1.000000</pose_matrix>
<pose_matrix name="upperLeg.R">0.975294 -0.135277 -0.174594 -0.184520 -0.135687 -0.990704 0.009625 -0.365986 -0.174273 0.014304 -0.984593 -0.148761 0.000000 0.000000 0.000000 1.000000</pose_matrix>
<pose_matrix name="lowerLeg.R">0.996429 0.068548 0.049295 -0.000000 -0.064410 0.994620 -0.081129 0.817255 -0.054592 0.077664 0.995484 0.000000 0.000000 0.000000 0.000000 1.000000</pose_matrix>
<pose_matrix name="foot.R">0.983990 -0.128041 -0.123973 -0.000000 0.167535 0.427256 0.888473 0.985976 -0.060793 -0.895018 0.441868 -0.000000 0.000000 0.000000 0.000000 1.000000</pose_matrix>
<pose_matrix name="toe.R">0.929724 -0.081173 -0.359199 0.000000 0.204152 0.925408 0.319284 0.302710 0.306489 -0.370177 0.876946 0.000000 0.000000 0.000000 0.000000 1.000000</pose_matrix>
</keyframe>
<keyframe time="0.542000">
<pose_matrix name="stomach">1.000000 0.000000 0.000000 0.000000 -0.000000 0.114824 -0.993386 0.000000 -0.000000 0.993386 0.114824 0.000000 0.000000 0.000000 0.000000 1.000000</pose_matrix>
<pose_matrix name="chest">1.000000 0.000000 0.000000 -0.000000 -0.000000 0.972066 0.234710 0.509250 -0.000000 -0.234710 0.972066 0.000000 0.000000 0.000000 0.000000 1.000000</pose_matrix>
<pose_matrix name="neck">1.000000 -0.000000 0.000000 0.000000 0.000000 0.930156 -0.367165 0.570118 0.000000 0.367165 0.930156 -0.000000 0.000000 0.000000 0.000000 1.000000</pose_matrix>
<pose_matrix name="head">1.000000 0.000000 0.000000 0.000000 -0.000000 0.999097 0.042488 0.134712 0.000000 -0.042488 0.999097 0.000000 0.000000 0.000000 0.000000 1.000000</pose_matrix>
<pose_matrix name="upperArm.L">0.605094 0.424673 0.673434 0.477390 0.586265 -0.809961 -0.016003 0.826684 0.538660 0.404494 -0.739074 -0.212825 0.000000 0.000000 0.000000 1.000000</pose_matrix>
<pose_matrix name="lowerArm.L">0.987597 0.147891 -0.052724 0.000000 -0.135247 0.971881 0.192758 0.546237 0.079748 -0.183237 0.979829 -0.000000 0.000000 0.000000 0.000000 1.000000</pose_matrix>
<pose_matrix name="hand.L">0.995867 0.018374 -0.088948 0.000000 -0.009436 0.994955 0.099876 0.498866 0.090335 -0.098624 0.991016 0.000000 0.000000 0.000000 0.000000 1.000000</pose_matrix>
<pose_matrix name="upperLeg.L">0.977130 0.113386 0.179837 0.184520 0.084547 -0.983389 0.160613 -0.365986 0.195061 -0.141736 -0.970496 -0.148761 0.000000 0.000000 0.000000 1.000000</pose_matrix>
<pose_matrix name="lowerLeg.L">0.996429 -0.068548 -0.049295 -0.000000 0.064410 0.994620 -0.081129 0.817255 0.054592 0.077664 0.995484 0.000000 0.000000 0.000000 0.000000 1.000000</pose_matrix>
<pose_matrix name="foot.L">0.983990 0.128041 0.123973 -0.000000 -0.167535 0.427256 0.888473 0.985975 0.060793 -0.895018 0.441868 -0.000000 0.000000 0.000000 0.000000 1.000000</pose_matrix>
<pose_matrix name="toe.L">0.929724 0.081173 0.359199 0.000000 -0.204152 0.925408 0.319284 0.302710 -0.306489 -0.370177 0.876946 0.000000 0.000000 0.000000 0.000000 1.000000</pose_matrix>
<pose_matrix name="upperArm.R">0.630190 -0.349252 -0.693458 -0.477390 0.087873 -0.855305 0.510619 0.826684 -0.771453 -0.382724 -0.508314 -0.212825 0.000000 0.000000 0.000000 1.000000</pose_matrix>
<pose_matrix name="lowerArm.R">0.987597 -0.147891 0.052723 -0.000000 0.135247 0.971881 0.192758 0.546237 -0.079748 -0.183237 0.979829 0.000000 0.000000 0.000000 0.000000 1.000000</pose_matrix>
<pose_matrix name="hand.R">0.995867 -0.018374 0.088948 0.000000 0.009437 0.994955 0.099876 0.498865 -0.090334 -0.098624 0.991016 0.000000 0.000000 0.000000 0.000000 1.000000</pose_matrix>
<pose_matrix name="upperLeg.R">0.975294 -0.135277 -0.174596 -0.184520 -0.209803 -0.814473 -0.540938 -0.365986 -0.069026 0.564210 -0.822740 -0.148761 0.000000 0.000000 0.000000 1.000000</pose_matrix>
<pose_matrix name="lowerLeg.R">0.987451 0.137777 -0.077184 -0.000000 -0.153905 0.729994 -0.665899 0.817256 -0.035402 0.669422 0.742038 0.000000 0.000000 0.000000 0.000000 1.000000</pose_matrix>
<pose_matrix name="foot.R">0.983990 -0.128041 -0.123973 0.000000 0.167535 0.427256 0.888473 0.985976 -0.060793 -0.895018 0.441868 0.000000 0.000000 0.000000 0.000000 1.000000</pose_matrix>
<pose_matrix name="toe.R">0.929724 -0.081173 -0.359199 -0.000000 0.204152 0.925408 0.319284 0.302710 0.306489 -0.370177 0.876946 -0.000000 0.000000 0.000000 0.000000 1.000000</pose_matrix>
</keyframe>
<keyframe time="0.708000">
<pose_matrix name="stomach">0.960932 -0.031781 0.274953 0.000000 0.276784 0.110338 -0.954577 0.000000 -0.000000 0.993386 0.114824 0.000000 0.000000 0.000000 0.000000 1.000000</pose_matrix>
<pose_matrix name="chest">1.000000 0.000000 0.000000 -0.000000 -0.000000 0.972066 0.234710 0.509250 -0.000000 -0.234710 0.972065 0.000000 0.000000 0.000000 0.000000 1.000000</pose_matrix>
<pose_matrix name="neck">1.000000 -0.000000 0.000000 -0.000000 0.000000 0.930156 -0.367165 0.570118 0.000000 0.367165 0.930156 -0.000000 0.000000 0.000000 0.000000 1.000000</pose_matrix>
<pose_matrix name="head">1.000000 0.000000 0.000000 0.000000 -0.000000 0.999097 0.042488 0.134712 0.000000 -0.042488 0.999097 0.000000 0.000000 0.000000 0.000000 1.000000</pose_matrix>
<pose_matrix name="upperArm.L">0.589174 0.527413 0.612135 0.477390 0.639032 -0.767776 0.046452 0.826684 0.494482 0.363806 -0.789388 -0.212825 0.000000 0.000000 0.000000 1.000000</pose_matrix>
<pose_matrix name="lowerArm.L">0.987597 0.147891 -0.052724 -0.000000 -0.135247 0.971881 0.192758 0.546237 0.079748 -0.183237 0.979829 0.000000 0.000000 0.000000 0.000000 1.000000</pose_matrix>
<pose_matrix name="hand.L">0.995867 0.018374 -0.088948 -0.000000 -0.009436 0.994955 0.099876 0.498866 0.090335 -0.098624 0.991016 0.000000 0.000000 0.000000 0.000000 1.000000</pose_matrix>
<pose_matrix name="upperLeg.L">0.977130 0.113386 0.179837 0.184520 0.084547 -0.983389 0.160613 -0.365986 0.195061 -0.141736 -0.970496 -0.148761 0.000000 0.000000 0.000000 1.000000</pose_matrix>
<pose_matrix name="lowerLeg.L">0.996429 -0.068548 -0.049295 -0.000000 0.064410 0.994620 -0.081129 0.817255 0.054592 0.077664 0.995484 -0.000000 0.000000 0.000000 0.000000 1.000000</pose_matrix>
<pose_matrix name="foot.L">0.983990 0.128041 0.123973 0.000000 -0.167535 0.427257 0.888473 0.985976 0.060793 -0.895018 0.441868 -0.000000 0.000000 0.000000 0.000000 1.000000</pose_matrix>
<pose_matrix name="toe.L">0.929724 0.081173 0.359199 -0.000000 -0.204152 0.925408 0.319284 0.302710 -0.306489 -0.370177 0.876946 -0.000000 0.000000 0.000000 0.000000 1.000000</pose_matrix>
<pose_matrix name="upperArm.R">0.673118 -0.231726 -0.702294 -0.477390 0.232365 -0.835278 0.498316 0.826684 -0.702082 -0.498614 -0.508394 -0.212825 0.000000 0.000000 0.000000 1.000000</pose_matrix>
<pose_matrix name="lowerArm.R">0.987597 -0.147891 0.052723 -0.000000 0.135247 0.971881 0.192758 0.546237 -0.079748 -0.183237 0.979829 0.000000 0.000000 0.000000 0.000000 1.000000</pose_matrix>
<pose_matrix name="hand.R">0.995867 -0.018374 0.088948 0.000000 0.009437 0.994955 0.099876 0.498865 -0.090334 -0.098624 0.991016 0.000000 0.000000 0.000000 0.000000 1.000000</pose_matrix>
<pose_matrix name="upperLeg.R">0.975294 -0.135276 -0.174596 -0.184520 -0.218300 -0.710560 -0.668915 -0.365986 -0.033571 0.690510 -0.722543 -0.148761 0.000000 0.000000 0.000000 1.000000</pose_matrix>
<pose_matrix name="lowerLeg.R">0.987787 0.137186 -0.073868 -0.000000 -0.151789 0.740286 -0.654932 0.817256 -0.035165 0.658146 0.752069 -0.000000 0.000000 0.000000 0.000000 1.000000</pose_matrix>
<pose_matrix name="foot.R">0.992959 -0.050311 -0.107244 -0.000000 0.098914 0.850285 0.516945 0.985976 0.065180 -0.523913 0.849274 0.000000 0.000000 0.000000 0.000000 1.000000</pose_matrix>
<pose_matrix name="toe.R">0.929724 -0.081173 -0.359199 -0.000000 0.204152 0.925408 0.319284 0.302710 0.306489 -0.370177 0.876946 -0.000000 0.000000 0.000000 0.000000 1.000000</pose_matrix>
</keyframe>
<keyframe time="0.875000">
<pose_matrix name="stomach">0.889059 -0.052565 0.454765 0.000000 0.457793 0.102085 -0.883179 0.000000 -0.000000 0.993386 0.114824 0.000000 0.000000 0.000000 0.000000 1.000000</pose_matrix>
<pose_matrix name="chest">1.000000 0.000000 0.000000 0.000000 -0.000000 0.972066 0.234710 0.509250 -0.000000 -0.234710 0.972066 0.000000 0.000000 0.000000 0.000000 1.000000</pose_matrix>
<pose_matrix name="neck">1.000000 -0.000000 0.000000 0.000000 0.000000 0.930156 -0.367165 0.570118 0.000000 0.367165 0.930156 -0.000000 0.000000 0.000000 0.000000 1.000000</pose_matrix>
<pose_matrix name="head">1.000000 0.000000 -0.000000 0.000000 -0.000000 0.999097 0.042488 0.134712 0.000000 -0.042488 0.999097 -0.000000 0.000000 0.000000 0.000000 1.000000</pose_matrix>
<pose_matrix name="upperArm.L">0.542672 0.387638 0.745147 0.477390 0.426723 -0.891359 0.152928 0.826684 0.723474 0.234981 -0.649130 -0.212825 0.000000 0.000000 0.000000 1.000000</pose_matrix>
<pose_matrix name="lowerArm.L">0.987597 0.147891 -0.052724 0.000000 -0.135247 0.971881 0.192758 0.546237 0.079748 -0.183237 0.979829 -0.000000 0.000000 0.000000 0.000000 1.000000</pose_matrix>
<pose_matrix name="hand.L">0.995867 0.018374 -0.088948 -0.000000 -0.009437 0.994955 0.099876 0.498866 0.090335 -0.098624 0.991016 -0.000000 0.000000 0.000000 0.000000 1.000000</pose_matrix>
<pose_matrix name="upperLeg.L">0.977130 0.113386 0.179837 0.184520 0.084547 -0.983389 0.160613 -0.365986 0.195061 -0.141736 -0.970496 -0.148761 0.000000 0.000000 0.000000 1.000000</pose_matrix>
<pose_matrix name="lowerLeg.L">0.996429 -0.068548 -0.049296 -0.000000 0.064410 0.994620 -0.081129 0.817255 0.054592 0.077664 0.995484 -0.000000 0.000000 0.000000 0.000000 1.000000</pose_matrix>
<pose_matrix name="foot.L">0.983990 0.128041 0.123973 0.000000 -0.167535 0.427256 0.888473 0.985976 0.060793 -0.895018 0.441868 0.000000 0.000000 0.000000 0.000000 1.000000</pose_matrix>
<pose_matrix name="toe.L">0.929724 0.081173 0.359199 0.000000 -0.204152 0.925408 0.319284 0.302710 -0.306489 -0.370177 0.876946 -0.000000 0.000000 0.000000 0.000000 1.000000</pose_matrix>
<pose_matrix name="upperArm.R">0.547877 -0.371037 -0.749776 -0.477390 -0.108175 -0.920159 0.376307 0.826684 -0.829536 -0.125063 -0.544270 -0.212825 0.000000 0.000000 0.000000 1.000000</pose_matrix>
<pose_matrix name="lowerArm.R">0.987597 -0.147891 0.052723 0.000000 0.135247 0.971881 0.192758 0.546237 -0.079748 -0.183237 0.979829 0.000000 0.000000 0.000000 0.000000 1.000000</pose_matrix>
<pose_matrix name="hand.R">0.995867 -0.018374 0.088948 0.000000 0.009437 0.994955 0.099876 0.498865 -0.090334 -0.098624 0.991016 -0.000000 0.000000 0.000000 0.000000 1.000000</pose_matrix>
<pose_matrix name="upperLeg.R">0.983341 -0.108860 -0.145504 -0.184520 -0.176199 -0.767003 -0.616975 -0.365986 -0.044437 0.632342 -0.773414 -0.148761 0.000000 0.000000 0.000000 1.000000</pose_matrix>
<pose_matrix name="lowerLeg.R">0.950223 0.282207 -0.132042 -0.000000 -0.264105 0.504716 -0.821894 0.817256 -0.165300 0.815856 0.554125 0.000000 0.000000 0.000000 0.000000 1.000000</pose_matrix>
<pose_matrix name="foot.R">0.997288 0.019621 -0.070932 -0.000000 0.011965 0.907762 0.419316 0.985976 0.072617 -0.419027 0.905065 0.000000 0.000000 0.000000 0.000000 1.000000</pose_matrix>
<pose_matrix name="toe.R">0.929724 -0.081173 -0.359199 0.000000 0.204152 0.925408 0.319284 0.302710 0.306489 -0.370177 0.876945 -0.000000 0.000000 0.000000 0.000000 1.000000</pose_matrix>
</keyframe>
<keyframe time="1.042000">
<pose_matrix name="stomach">0.788876 -0.070565 0.610488 0.000000 0.614552 0.090582 -0.783658 0.000000 -0.000000 0.993386 0.114824 0.000000 0.000000 0.000000 0.000000 1.000000</pose_matrix>
<pose_matrix name="chest">1.000000 -0.000000 0.000000 -0.000000 -0.000000 0.972066 0.234710 0.509250 -0.000000 -0.234710 0.972066 -0.000000 0.000000 0.000000 0.000000 1.000000</pose_matrix>
<pose_matrix name="neck">1.000000 -0.000000 0.000000 0.000000 0.000000 0.930156 -0.367165 0.570118 0.000000 0.367165 0.930156 -0.000000 0.000000 0.000000 0.000000 1.000000</pose_matrix>
<pose_matrix name="head">1.000000 0.000000 -0.000000 -0.000000 -0.000000 0.999097 0.042488 0.134712 0.000000 -0.042488 0.999097 -0.000000 0.000000 0.000000 0.000000 1.000000</pose_matrix>
<pose_matrix name="upperArm.L">0.500322 0.352247 0.790949 0.477390 0.214076 -0.935469 0.281193 0.826684 0.838957 0.028637 -0.543444 -0.212825 0.000000 0.000000 0.000000 1.000000</pose_matrix>
<pose_matrix name="lowerArm.L">0.987597 0.147891 -0.052724 0.000000 -0.135247 0.971881 0.192758 0.546237 0.079748 -0.183237 0.979829 -0.000000 0.000000 0.000000 0.000000 1.000000</pose_matrix>
<pose_matrix name="hand.L">0.995867 0.018374 -0.088948 0.000000 -0.009437 0.994955 0.099876 0.498866 0.090335 -0.098624 0.991016 -0.000000 0.000000 0.000000 0.000000 1.000000</pose_matrix>
<pose_matrix name="upperLeg.L">0.977130 0.113386 0.179837 0.184520 0.084547 -0.983389 0.160613 -0.365986 0.195061 -0.141736 -0.970496 -0.148761 0.000000 0.000000 0.000000 1.000000</pose_matrix>
<pose_matrix name="lowerLeg.L">0.996429 -0.068548 -0.049295 0.000000 0.064410 0.994620 -0.081129 0.817255 0.054592 0.077664 0.995484 0.000000 0.000000 0.000000 0.000000 1.000000</pose_matrix>
<pose_matrix name="foot.L">0.983990 0.128041 0.123973 0.000000 -0.167535 0.427257 0.888473 0.985976 0.060793 -0.895018 0.441868 0.000000 0.000000 0.000000 0.000000 1.000000</pose_matrix>
<pose_matrix name="toe.L">0.929724 0.081173 0.359199 0.000000 -0.204152 0.925408 0.319284 0.302710 -0.306489 -0.370177 0.876946 0.000000 0.000000 0.000000 0.000000 1.000000</pose_matrix>
<pose_matrix name="upperArm.R">0.517857 -0.356645 -0.777579 -0.477390 -0.224597 -0.933749 0.278695 0.826684 -0.825458 0.030318 -0.563649 -0.212825 0.000000 0.000000 0.000000 1.000000</pose_matrix>
<pose_matrix name="lowerArm.R">0.987597 -0.147891 0.052723 0.000000 0.135247 0.971881 0.192758 0.546238 -0.079748 -0.183237 0.979829 -0.000000 0.000000 0.000000 0.000000 1.000000</pose_matrix>
<pose_matrix name="hand.R">0.995867 -0.018374 0.088948 0.000000 0.009437 0.994955 0.099876 0.498865 -0.090334 -0.098624 0.991016 -0.000000 0.000000 0.000000 0.000000 1.000000</pose_matrix>
<pose_matrix name="upperLeg.R">0.991068 -0.072446 -0.111879 -0.184520 -0.122162 -0.829398 -0.545137 -0.365986 -0.053298 0.553941 -0.830848 -0.148761 0.000000 0.000000 0.000000 1.000000</pose_matrix>
<pose_matrix name="lowerLeg.R">0.972516 0.176052 -0.152377 0.000000 -0.216728 0.445273 -0.868769 0.817255 -0.085099 0.877916 0.471191 -0.000000 0.000000 0.000000 0.000000 1.000000</pose_matrix>
<pose_matrix name="foot.R">0.997288 0.019621 -0.070932 -0.000000 0.011965 0.907762 0.419316 0.985976 0.072617 -0.419027 0.905065 0.000000 0.000000 0.000000 0.000000 1.000000</pose_matrix>
<pose_matrix name="toe.R">0.929724 -0.081173 -0.359199 -0.000000 0.204152 0.925408 0.319284 0.302710 0.306489 -0.370177 0.876946 -0.000000 0.000000 0.000000 0.000000 1.000000</pose_matrix>
</keyframe>
</animation>
</animations>
</mesh>

</meshes>

<point_lights>

<point_light name="Lamp">
<falloff_distance>29.999983</falloff_distance>
<energy>1.000000</energy>
<linear_attenuation>0.000000</linear_attenuation>
<quadratic_attenuation>1.000000</quadratic_attenuation>
<light_color>1.000000 1.000000 1.000000 1.0</light_color>
<local_matrix>-0.290865 -0.771101 0.566393 4.076245 -0.055189 0.604525 0.794672 5.903862 0.955171 -0.199883 0.218391 1.005454 0.000000 0.000000 0.000000 1.000000</local_matrix>
</point_light>

</point_lights>

</asset>
</UntoldEngine>

