<?xml version="1.0" encoding="utf-8"?>
<UntoldEngine xmlns="" version="0.0.1">
<asset>
<meshes>

<mesh name="pele" vertex_count="7590" index_count="7590">
<animations>
<modeler_animation_transform>1.000000 -0.000000 0.000000 -0.000000 -0.000000 0.000000 -1.000000 0.000000 0.000000 1.000000 0.000000 -0.000000 -0.000000 0.000000 -0.000000 1.000000</modeler_animation_transform>

<animation name="running" fps="24.000000">
<keyframe time="0.000000">
<pose_matrix name="stomach">1.000000 -0.000000 0.000000 0.000000 -0.000000 -0.084286 -0.996442 0.000000 0.000000 0.996442 -0.084286 -0.817014 0.000000 0.000000 0.000000 1.000000</pose_matrix>
<pose_matrix name="chest">1.000000 0.000000 0.000000 -0.000000 0.000000 1.000000 0.000000 2.523677 0.000000 0.000000 1.000000 0.000000 0.000000 0.000000 0.000000 1.000000</pose_matrix>
<pose_matrix name="head">1.000000 0.000000 0.000000 0.000000 0.000000 1.000000 0.000000 2.542380 0.000000 0.000000 1.000000 0.000000 0.000000 0.000000 0.000000 1.000000</pose_matrix>
<pose_matrix name="shoulder.L">0.002855 0.998572 -0.053354 0.592326 -0.053354 0.053431 0.997145 2.026872 0.998572 -0.000000 0.053431 -0.835659 0.000000 0.000000 0.000000 1.000000</pose_matrix>
<pose_matrix name="upperArm.L">0.902620 0.404187 -0.148016 -0.000000 0.102720 0.131671 0.985957 1.307507 0.418001 -0.905149 0.077331 0.000000 0.000000 0.000000 0.000000 1.000000</pose_matrix>
<pose_matrix name="lowerArm.L">0.669493 0.735795 -0.101905 0.000000 -0.730340 0.677063 0.090495 2.321184 0.135582 0.013839 0.990670 -0.000000 0.000000 0.000000 0.000000 1.000000</pose_matrix>
<pose_matrix name="shoulder.R">0.002855 -0.998571 0.053355 -0.592326 0.053355 0.053431 0.997145 2.026872 -0.998571 -0.000000 0.053431 -0.835659 0.000000 0.000000 0.000000 1.000000</pose_matrix>
<pose_matrix name="upperArm.R">0.719885 0.677810 -0.149462 -0.000000 0.082115 0.130653 0.988022 1.307508 0.689219 -0.723535 0.038397 -0.000000 0.000000 0.000000 0.000000 1.000000</pose_matrix>
<pose_matrix name="lowerArm.R">0.835784 -0.542981 0.081475 0.000000 0.545787 0.837781 -0.015480 2.321185 -0.059853 0.057406 0.996555 -0.000000 0.000000 0.000000 0.000000 1.000000</pose_matrix>
<pose_matrix name="upperLeg.L">0.999548 0.025848 0.025846 0.954478 0.010381 -0.878454 0.477715 -1.605162 0.035056 -0.477128 -0.878135 -0.472286 0.000000 0.000000 0.000000 1.000000</pose_matrix>
<pose_matrix name="lowerLeg.L">0.996850 -0.067563 -0.041549 0.000000 0.037467 0.862825 -0.504112 4.164523 0.069908 0.500967 0.862638 -0.000000 0.000000 0.000000 0.000000 1.000000</pose_matrix>
<pose_matrix name="foot.L">0.998958 -0.021963 0.040015 0.000000 -0.032283 0.279807 0.959513 4.306371 -0.032270 -0.959805 0.278807 0.000001 0.000000 0.000000 0.000000 1.000000</pose_matrix>
<pose_matrix name="upperLeg.R">0.999548 -0.025854 -0.025838 -0.954478 -0.035351 -0.863813 -0.502572 -1.605162 -0.009335 0.503149 -0.864149 -0.472286 0.000000 0.000000 0.000000 1.000000</pose_matrix>
<pose_matrix name="lowerLeg.R">0.996623 0.058073 0.058050 0.000000 -0.058062 0.998311 -0.001875 4.164524 -0.058061 -0.001502 0.998312 0.000000 0.000000 0.000000 0.000000 1.000000</pose_matrix>
<pose_matrix name="foot.R">0.998958 0.017996 -0.041949 -0.000000 0.032282 0.371198 0.927993 4.306372 0.032272 -0.928379 0.370230 0.000000 0.000000 0.000000 0.000000 1.000000</pose_matrix>
</keyframe>
<keyframe time="0.208000">
<pose_matrix name="stomach">1.000000 -0.000000 0.000000 0.000000 -0.000000 -0.072057 -0.997400 0.000000 0.000000 0.997400 -0.072057 -0.626512 0.000000 0.000000 0.000000 1.000000</pose_matrix>
<pose_matrix name="chest">1.000000 0.000000 -0.000000 0.000000 -0.000000 1.000000 0.000000 2.523677 -0.000000 -0.000000 1.000000 -0.000000 0.000000 0.000000 0.000000 1.000000</pose_matrix>
<pose_matrix name="head">1.000000 0.000000 -0.000000 0.000000 -0.000000 1.000000 0.000000 2.542380 -0.000000 -0.000000 1.000000 -0.000000 0.000000 0.000000 0.000000 1.000000</pose_matrix>
<pose_matrix name="shoulder.L">0.002855 0.998572 -0.053354 0.592326 -0.053354 0.053431 0.997145 2.026873 0.998572 -0.000000 0.053431 -0.835659 0.000000 0.000000 0.000000 1.000000</pose_matrix>
<pose_matrix name="upperArm.L">0.944072 0.284024 -0.167507 0.000000 0.118145 0.182908 0.976005 1.307507 0.307847 -0.941209 0.139122 0.000000 0.000000 0.000000 0.000000 1.000000</pose_matrix>
<pose_matrix name="lowerArm.L">0.686707 0.715151 -0.130352 0.000000 -0.706149 0.698834 0.113953 2.321184 0.172587 0.013795 0.984897 0.000000 0.000000 0.000000 0.000000 1.000000</pose_matrix>
<pose_matrix name="shoulder.R">0.002855 -0.998571 0.053355 -0.592326 0.053355 0.053431 0.997145 2.026872 -0.998571 -0.000000 0.053431 -0.835659 0.000000 0.000000 0.000000 1.000000</pose_matrix>
<pose_matrix name="upperArm.R">0.866148 0.465808 -0.181134 -0.000000 0.109577 0.176615 0.978162 1.307507 0.487626 -0.867082 0.101933 0.000001 0.000000 0.000000 0.000000 1.000000</pose_matrix>
<pose_matrix name="lowerArm.R">0.885961 -0.455326 0.088038 0.000000 0.459189 0.887864 -0.029032 2.321186 -0.064947 0.066148 0.995694 0.000000 0.000000 0.000000 0.000000 1.000000</pose_matrix>
<pose_matrix name="upperLeg.L">0.999548 0.025849 0.025842 0.954478 0.022614 -0.992651 0.118887 -1.605162 0.028730 -0.118223 -0.992571 -0.472286 0.000000 0.000000 0.000000 1.000000</pose_matrix>
<pose_matrix name="lowerLeg.L">0.997666 -0.065880 -0.017938 -0.000000 0.007982 0.373445 -0.927618 4.164523 0.067810 0.925310 0.373100 -0.000000 0.000000 0.000000 0.000000 1.000000</pose_matrix>
<pose_matrix name="foot.L">0.998958 -0.021035 0.040511 0.000000 -0.032283 0.301850 0.952809 4.306371 -0.032270 -0.953123 0.300857 -0.000000 0.000000 0.000000 0.000000 1.000000</pose_matrix>
<pose_matrix name="upperLeg.R">0.999548 -0.025854 -0.025838 -0.954478 -0.035516 -0.854452 -0.518315 -1.605162 -0.008686 0.518886 -0.854799 -0.472286 0.000000 0.000000 0.000000 1.000000</pose_matrix>
<pose_matrix name="lowerLeg.R">0.996902 0.068057 0.039422 -0.000000 -0.034810 0.831266 -0.554783 4.164523 -0.070527 0.551693 0.831060 0.000000 0.000000 0.000000 0.000000 1.000000</pose_matrix>
<pose_matrix name="foot.R">0.998958 0.023484 -0.039140 0.000000 0.032283 0.242713 0.969561 4.306370 0.032269 -0.969814 0.241702 0.000000 0.000000 0.000000 0.000000 1.000000</pose_matrix>
</keyframe>
<keyframe time="0.375000">
<pose_matrix name="stomach">1.000000 -0.000000 0.000000 0.000000 -0.000000 -0.072060 -0.997400 0.000000 0.000000 0.997400 -0.072060 0.000000 0.000000 0.000000 0.000000 1.000000</pose_matrix>
<pose_matrix name="chest">1.000000 0.000000 0.000000 -0.000000 0.000000 1.000000 0.000000 2.523677 0.000000 0.000000 1.000000 0.000000 0.000000 0.000000 0.000000 1.000000</pose_matrix>
<pose_matrix name="head">1.000000 0.000000 0.000000 0.000000 0.000000 1.000000 0.000000 2.542380 0.000000 0.000000 1.000000 -0.000000 0.000000 0.000000 0.000000 1.000000</pose_matrix>
<pose_matrix name="shoulder.L">0.002855 0.998572 -0.053354 0.592326 -0.053354 0.053431 0.997145 2.026873 0.998572 -0.000000 0.053431 -0.835659 0.000000 0.000000 0.000000 1.000000</pose_matrix>
<pose_matrix name="upperArm.L">0.954590 0.273772 -0.117505 0.000000 0.088099 0.117375 0.989172 1.307507 0.284600 -0.954606 0.087926 -0.000000 0.000000 0.000000 0.000000 1.000000</pose_matrix>
<pose_matrix name="lowerArm.L">0.996657 0.080934 0.011130 0.000000 -0.080811 0.996668 -0.011131 2.321185 -0.011994 0.010194 0.999876 0.000000 0.000000 0.000000 0.000000 1.000000</pose_matrix>
<pose_matrix name="shoulder.R">0.002855 -0.998571 0.053355 -0.592326 0.053355 0.053431 0.997145 2.026872 -0.998571 -0.000000 0.053431 -0.835659 0.000000 0.000000 0.000000 1.000000</pose_matrix>
<pose_matrix name="upperArm.R">0.981914 0.169139 -0.085063 0.000000 0.065215 0.119631 0.990674 1.307507 0.177738 -0.978305 0.106437 -0.000000 0.000000 0.000000 0.000000 1.000000</pose_matrix>
<pose_matrix name="lowerArm.R">0.614225 -0.775829 0.144281 0.000000 0.784003 0.620757 0.000324 2.321186 -0.089815 0.112918 0.989537 -0.000000 0.000000 0.000000 0.000000 1.000000</pose_matrix>
<pose_matrix name="upperLeg.L">0.999548 0.025857 0.025835 0.954478 0.036036 -0.577386 -0.815676 -1.605162 -0.006162 0.816062 -0.577932 -0.472286 0.000000 0.000000 0.000000 1.000000</pose_matrix>
<pose_matrix name="lowerLeg.L">0.997933 -0.063037 -0.012537 -0.000000 0.001238 0.213884 -0.976858 4.164523 0.064259 0.974823 0.213520 -0.000000 0.000000 0.000000 0.000000 1.000000</pose_matrix>
<pose_matrix name="foot.L">0.998958 -0.019811 0.041123 0.000000 -0.032283 0.330285 0.943329 4.306372 -0.032271 -0.943673 0.329301 -0.000001 0.000000 0.000000 0.000000 1.000000</pose_matrix>
<pose_matrix name="upperLeg.R">0.999548 -0.025849 -0.025844 -0.954478 -0.017875 -0.962220 0.271687 -1.605162 -0.031895 -0.271044 -0.962039 -0.472286 0.000000 0.000000 0.000000 1.000000</pose_matrix>
<pose_matrix name="lowerLeg.R">0.996623 0.058073 0.058050 0.000000 -0.058062 0.998311 -0.001875 4.164524 -0.058061 -0.001502 0.998312 -0.000000 0.000000 0.000000 0.000000 1.000000</pose_matrix>
<pose_matrix name="foot.R">0.998958 0.018337 -0.041801 0.000000 0.032282 0.363631 0.930984 4.306372 0.032271 -0.931363 0.362660 -0.000000 0.000000 0.000000 0.000000 1.000000</pose_matrix>
</keyframe>
<keyframe time="0.542000">
<pose_matrix name="stomach">1.000000 0.000000 0.000000 0.000000 0.000000 -0.071907 -0.997411 0.000000 0.000000 0.997411 -0.071907 0.100000 0.000000 0.000000 0.000000 1.000000</pose_matrix>
<pose_matrix name="chest">1.000000 0.000000 0.000000 0.000000 0.000000 1.000000 0.000000 2.523676 0.000000 0.000000 1.000000 0.000000 0.000000 0.000000 0.000000 1.000000</pose_matrix>
<pose_matrix name="head">1.000000 0.000000 0.000000 0.000000 0.000000 1.000000 0.000000 2.542380 0.000000 0.000000 1.000000 -0.000000 0.000000 0.000000 0.000000 1.000000</pose_matrix>
<pose_matrix name="shoulder.L">0.002855 0.998572 -0.053354 0.592326 -0.053354 0.053431 0.997145 2.026873 0.998572 -0.000000 0.053431 -0.835658 0.000000 0.000000 0.000000 1.000000</pose_matrix>
<pose_matrix name="upperArm.L">0.986628 -0.161976 0.018111 0.000000 -0.000525 0.107960 0.994155 1.307507 -0.162985 -0.980871 0.106431 0.000000 0.000000 0.000000 0.000000 1.000000</pose_matrix>
<pose_matrix name="lowerArm.L">0.878712 0.473775 -0.058336 0.000000 -0.474403 0.880301 0.003448 2.321185 0.052987 0.024645 0.998291 0.000000 0.000000 0.000000 0.000000 1.000000</pose_matrix>
<pose_matrix name="shoulder.R">0.002855 -0.998571 0.053355 -0.592326 0.053355 0.053431 0.997145 2.026872 -0.998571 -0.000000 0.053431 -0.835659 0.000000 0.000000 0.000000 1.000000</pose_matrix>
<pose_matrix name="upperArm.R">0.998455 -0.053201 0.016063 0.000000 -0.011083 0.092614 0.995640 1.307507 -0.054457 -0.994280 0.091881 0.000000 0.000000 0.000000 0.000000 1.000000</pose_matrix>
<pose_matrix name="lowerArm.R">0.682343 -0.724870 0.094723 -0.000000 0.725897 0.687169 0.029538 2.321186 -0.086502 0.048604 0.995065 0.000000 0.000000 0.000000 0.000000 1.000000</pose_matrix>
<pose_matrix name="upperLeg.L">0.999548 0.025859 0.025835 0.954478 0.035171 -0.486881 -0.872761 -1.605162 -0.009976 0.873086 -0.487465 -0.472286 0.000000 0.000000 0.000000 1.000000</pose_matrix>
<pose_matrix name="lowerLeg.L">0.997750 -0.065064 -0.016150 -0.000000 0.005748 0.323045 -0.946366 4.164523 0.066791 0.944144 0.322692 0.000000 0.000000 0.000000 0.000000 1.000000</pose_matrix>
<pose_matrix name="foot.L">0.998958 -0.018592 0.041689 0.000000 -0.032283 0.357921 0.933194 4.306371 -0.032272 -0.933567 0.356948 0.000000 0.000000 0.000000 0.000000 1.000000</pose_matrix>
<pose_matrix name="upperLeg.R">0.999548 -0.025849 -0.025845 -0.954478 -0.014629 -0.930638 0.365650 -1.605162 -0.033508 -0.365027 -0.930394 -0.472286 0.000000 0.000000 0.000000 1.000000</pose_matrix>
<pose_matrix name="lowerLeg.R">0.996924 0.068215 0.038595 -0.000000 -0.033781 0.818320 -0.573769 4.164523 -0.070723 0.570701 0.818107 -0.000000 0.000000 0.000000 0.000000 1.000000</pose_matrix>
<pose_matrix name="foot.R">0.998958 0.011892 -0.044070 -0.000000 0.032280 0.498585 0.866239 4.306371 0.032274 -0.866759 0.497682 0.000000 0.000000 0.000000 0.000000 1.000000</pose_matrix>
</keyframe>
<keyframe time="0.708000">
<pose_matrix name="stomach">1.000000 0.000000 -0.000000 0.000000 0.000000 -0.084286 -0.996442 0.000000 -0.000000 0.996442 -0.084286 -0.817014 0.000000 0.000000 0.000000 1.000000</pose_matrix>
<pose_matrix name="chest">1.000000 -0.000000 0.000000 0.000000 -0.000000 1.000000 0.000000 2.523677 0.000000 0.000000 1.000000 0.000000 0.000000 0.000000 0.000000 1.000000</pose_matrix>
<pose_matrix name="head">1.000000 -0.000000 0.000000 -0.000000 -0.000000 1.000000 0.000000 2.542380 0.000000 0.000000 1.000000 0.000000 0.000000 0.000000 0.000000 1.000000</pose_matrix>
<pose_matrix name="shoulder.L">0.002855 0.998572 -0.053354 0.592326 -0.053354 0.053431 0.997145 2.026872 0.998572 -0.000000 0.053431 -0.835659 0.000000 0.000000 0.000000 1.000000</pose_matrix>
<pose_matrix name="upperArm.L">0.719885 -0.677810 0.149462 -0.000000 -0.082115 0.130653 0.988022 1.307507 -0.689219 -0.723535 0.038397 0.000000 0.000000 0.000000 0.000000 1.000000</pose_matrix>
<pose_matrix name="lowerArm.L">0.835783 0.542980 -0.081475 0.000000 -0.545787 0.837781 -0.015479 2.321185 0.059854 0.057405 0.996555 0.000000 0.000000 0.000000 0.000000 1.000000</pose_matrix>
<pose_matrix name="shoulder.R">0.002855 -0.998571 0.053355 -0.592326 0.053355 0.053431 0.997145 2.026872 -0.998571 -0.000000 0.053431 -0.835659 0.000000 0.000000 0.000000 1.000000</pose_matrix>
<pose_matrix name="upperArm.R">0.902620 -0.404188 0.148016 -0.000000 -0.102721 0.131671 0.985957 1.307508 -0.418001 -0.905149 0.077330 -0.000000 0.000000 0.000000 0.000000 1.000000</pose_matrix>
<pose_matrix name="lowerArm.R">0.669493 -0.735795 0.101905 -0.000000 0.730340 0.677063 0.090495 2.321185 -0.135581 0.013840 0.990670 0.000000 0.000000 0.000000 0.000000 1.000000</pose_matrix>
<pose_matrix name="upperLeg.L">0.999548 0.025854 0.025838 0.954478 0.035351 -0.863813 -0.502572 -1.605162 0.009335 0.503149 -0.864149 -0.472286 0.000000 0.000000 0.000000 1.000000</pose_matrix>
<pose_matrix name="lowerLeg.L">0.996623 -0.058073 -0.058050 -0.000000 0.058062 0.998311 -0.001875 4.164524 0.058061 -0.001502 0.998312 0.000000 0.000000 0.000000 0.000000 1.000000</pose_matrix>
<pose_matrix name="foot.L">0.998958 -0.017996 0.041950 0.000000 -0.032283 0.371198 0.927993 4.306372 -0.032272 -0.928379 0.370230 0.000000 0.000000 0.000000 0.000000 1.000000</pose_matrix>
<pose_matrix name="upperLeg.R">0.999548 -0.025848 -0.025846 -0.954478 -0.010381 -0.878454 0.477715 -1.605162 -0.035056 -0.477128 -0.878135 -0.472286 0.000000 0.000000 0.000000 1.000000</pose_matrix>
<pose_matrix name="lowerLeg.R">0.996850 0.067563 0.041549 -0.000000 -0.037467 0.862825 -0.504112 4.164523 -0.069908 0.500967 0.862638 -0.000000 0.000000 0.000000 0.000000 1.000000</pose_matrix>
<pose_matrix name="foot.R">0.998958 0.021963 -0.040014 -0.000000 0.032283 0.279807 0.959513 4.306371 0.032270 -0.959805 0.278807 0.000001 0.000000 0.000000 0.000000 1.000000</pose_matrix>
</keyframe>
<keyframe time="0.917000">
<pose_matrix name="stomach">1.000000 0.000000 -0.000000 0.000000 0.000000 -0.072057 -0.997400 0.000000 -0.000000 0.997400 -0.072057 -0.626512 0.000000 0.000000 0.000000 1.000000</pose_matrix>
<pose_matrix name="chest">1.000000 -0.000000 0.000000 -0.000000 0.000000 1.000000 0.000000 2.523677 0.000000 -0.000000 1.000000 -0.000000 0.000000 0.000000 0.000000 1.000000</pose_matrix>
<pose_matrix name="head">1.000000 -0.000000 0.000000 -0.000000 0.000000 1.000000 0.000000 2.542380 0.000000 -0.000000 1.000000 -0.000000 0.000000 0.000000 0.000000 1.000000</pose_matrix>
<pose_matrix name="shoulder.L">0.002855 0.998572 -0.053354 0.592326 -0.053354 0.053431 0.997145 2.026873 0.998572 -0.000000 0.053431 -0.835659 0.000000 0.000000 0.000000 1.000000</pose_matrix>
<pose_matrix name="upperArm.L">0.866148 -0.465808 0.181134 0.000000 -0.109577 0.176615 0.978162 1.307507 -0.487627 -0.867081 0.101933 0.000000 0.000000 0.000000 0.000000 1.000000</pose_matrix>
<pose_matrix name="lowerArm.L">0.885961 0.455327 -0.088038 -0.000000 -0.459189 0.887864 -0.029032 2.321185 0.064947 0.066147 0.995694 -0.000000 0.000000 0.000000 0.000000 1.000000</pose_matrix>
<pose_matrix name="shoulder.R">0.002855 -0.998571 0.053355 -0.592326 0.053355 0.053431 0.997145 2.026872 -0.998571 -0.000000 0.053431 -0.835659 0.000000 0.000000 0.000000 1.000000</pose_matrix>
<pose_matrix name="upperArm.R">0.944072 -0.284025 0.167507 -0.000000 -0.118145 0.182907 0.976005 1.307507 -0.307848 -0.941209 0.139121 0.000001 0.000000 0.000000 0.000000 1.000000</pose_matrix>
<pose_matrix name="lowerArm.R">0.686708 -0.715151 0.130351 0.000000 0.706149 0.698834 0.113952 2.321186 -0.172587 0.013796 0.984898 -0.000000 0.000000 0.000000 0.000000 1.000000</pose_matrix>
<pose_matrix name="upperLeg.L">0.999548 0.025854 0.025838 0.954478 0.035516 -0.854452 -0.518315 -1.605162 0.008686 0.518886 -0.854799 -0.472286 0.000000 0.000000 0.000000 1.000000</pose_matrix>
<pose_matrix name="lowerLeg.L">0.996902 -0.068057 -0.039422 0.000000 0.034810 0.831266 -0.554783 4.164523 0.070527 0.551693 0.831060 0.000000 0.000000 0.000000 0.000000 1.000000</pose_matrix>
<pose_matrix name="foot.L">0.998958 -0.023484 0.039141 -0.000000 -0.032283 0.242713 0.969561 4.306370 -0.032269 -0.969814 0.241702 0.000000 0.000000 0.000000 0.000000 1.000000</pose_matrix>
<pose_matrix name="upperLeg.R">0.999548 -0.025849 -0.025842 -0.954478 -0.022614 -0.992651 0.118887 -1.605162 -0.028730 -0.118223 -0.992571 -0.472286 0.000000 0.000000 0.000000 1.000000</pose_matrix>
<pose_matrix name="lowerLeg.R">0.997666 0.065880 0.017938 0.000000 -0.007982 0.373445 -0.927618 4.164523 -0.067810 0.925310 0.373100 -0.000000 0.000000 0.000000 0.000000 1.000000</pose_matrix>
<pose_matrix name="foot.R">0.998958 0.021035 -0.040510 -0.000000 0.032283 0.301850 0.952809 4.306371 0.032270 -0.953123 0.300857 -0.000000 0.000000 0.000000 0.000000 1.000000</pose_matrix>
</keyframe>
<keyframe time="1.083000">
<pose_matrix name="stomach">1.000000 0.000000 -0.000000 0.000000 0.000000 -0.072060 -0.997400 0.000000 -0.000000 0.997400 -0.072060 0.000000 0.000000 0.000000 0.000000 1.000000</pose_matrix>
<pose_matrix name="chest">1.000000 -0.000000 0.000000 0.000000 -0.000000 1.000000 0.000000 2.523677 0.000000 0.000000 1.000000 0.000000 0.000000 0.000000 0.000000 1.000000</pose_matrix>
<pose_matrix name="head">1.000000 -0.000000 0.000000 -0.000000 -0.000000 1.000000 0.000000 2.542380 0.000000 0.000000 1.000000 -0.000000 0.000000 0.000000 0.000000 1.000000</pose_matrix>
<pose_matrix name="shoulder.L">0.002855 0.998572 -0.053354 0.592326 -0.053354 0.053431 0.997145 2.026873 0.998572 -0.000000 0.053431 -0.835659 0.000000 0.000000 0.000000 1.000000</pose_matrix>
<pose_matrix name="upperArm.L">0.981914 -0.169139 0.085063 0.000000 -0.065215 0.119631 0.990674 1.307507 -0.177738 -0.978305 0.106437 -0.000000 0.000000 0.000000 0.000000 1.000000</pose_matrix>
<pose_matrix name="lowerArm.L">0.614225 0.775829 -0.144281 0.000000 -0.784003 0.620757 0.000324 2.321185 0.089815 0.112918 0.989537 -0.000000 0.000000 0.000000 0.000000 1.000000</pose_matrix>
<pose_matrix name="shoulder.R">0.002855 -0.998571 0.053355 -0.592326 0.053355 0.053431 0.997145 2.026872 -0.998571 -0.000000 0.053431 -0.835659 0.000000 0.000000 0.000000 1.000000</pose_matrix>
<pose_matrix name="upperArm.R">0.954589 -0.273773 0.117505 0.000000 -0.088099 0.117375 0.989172 1.307507 -0.284601 -0.954605 0.087925 -0.000000 0.000000 0.000000 0.000000 1.000000</pose_matrix>
<pose_matrix name="lowerArm.R">0.996657 -0.080934 -0.011131 0.000000 0.080811 0.996667 -0.011132 2.321186 0.011994 0.010195 0.999876 -0.000000 0.000000 0.000000 0.000000 1.000000</pose_matrix>
<pose_matrix name="upperLeg.L">0.999548 0.025849 0.025844 0.954478 0.017875 -0.962220 0.271687 -1.605162 0.031895 -0.271044 -0.962039 -0.472286 0.000000 0.000000 0.000000 1.000000</pose_matrix>
<pose_matrix name="lowerLeg.L">0.996623 -0.058073 -0.058050 -0.000000 0.058062 0.998311 -0.001875 4.164524 0.058061 -0.001502 0.998312 -0.000000 0.000000 0.000000 0.000000 1.000000</pose_matrix>
<pose_matrix name="foot.L">0.998958 -0.018337 0.041802 -0.000000 -0.032282 0.363631 0.930984 4.306372 -0.032272 -0.931363 0.362660 -0.000000 0.000000 0.000000 0.000000 1.000000</pose_matrix>
<pose_matrix name="upperLeg.R">0.999548 -0.025857 -0.025835 -0.954478 -0.036036 -0.577386 -0.815676 -1.605162 0.006162 0.816062 -0.577932 -0.472286 0.000000 0.000000 0.000000 1.000000</pose_matrix>
<pose_matrix name="lowerLeg.R">0.997933 0.063037 0.012537 0.000000 -0.001238 0.213884 -0.976858 4.164523 -0.064259 0.974823 0.213520 -0.000000 0.000000 0.000000 0.000000 1.000000</pose_matrix>
<pose_matrix name="foot.R">0.998958 0.019811 -0.041122 -0.000000 0.032282 0.330285 0.943329 4.306372 0.032271 -0.943673 0.329301 -0.000001 0.000000 0.000000 0.000000 1.000000</pose_matrix>
</keyframe>
<keyframe time="1.250000">
<pose_matrix name="stomach">1.000000 0.000000 0.000000 0.000000 0.000000 -0.071907 -0.997411 0.000000 0.000000 0.997411 -0.071907 0.100000 0.000000 0.000000 0.000000 1.000000</pose_matrix>
<pose_matrix name="chest">1.000000 0.000000 0.000000 0.000000 0.000000 1.000000 0.000000 2.523676 0.000000 0.000000 1.000000 0.000000 0.000000 0.000000 0.000000 1.000000</pose_matrix>
<pose_matrix name="head">1.000000 0.000000 0.000000 0.000000 0.000000 1.000000 0.000000 2.542380 0.000000 0.000000 1.000000 -0.000000 0.000000 0.000000 0.000000 1.000000</pose_matrix>
<pose_matrix name="shoulder.L">0.002855 0.998572 -0.053354 0.592326 -0.053354 0.053431 0.997145 2.026873 0.998572 -0.000000 0.053431 -0.835658 0.000000 0.000000 0.000000 1.000000</pose_matrix>
<pose_matrix name="upperArm.L">0.998455 0.053201 -0.016063 0.000000 0.011083 0.092615 0.995640 1.307507 0.054456 -0.994280 0.091882 0.000000 0.000000 0.000000 0.000000 1.000000</pose_matrix>
<pose_matrix name="lowerArm.L">0.682343 0.724870 -0.094723 -0.000000 -0.725896 0.687169 0.029538 2.321185 0.086502 0.048604 0.995065 0.000000 0.000000 0.000000 0.000000 1.000000</pose_matrix>
<pose_matrix name="shoulder.R">0.002855 -0.998571 0.053355 -0.592326 0.053355 0.053431 0.997145 2.026872 -0.998571 -0.000000 0.053431 -0.835659 0.000000 0.000000 0.000000 1.000000</pose_matrix>
<pose_matrix name="upperArm.R">0.986628 0.161976 -0.018111 0.000000 0.000525 0.107959 0.994155 1.307507 0.162984 -0.980871 0.106431 0.000000 0.000000 0.000000 0.000000 1.000000</pose_matrix>
<pose_matrix name="lowerArm.R">0.878712 -0.473775 0.058336 0.000000 0.474403 0.880301 0.003448 2.321186 -0.052987 0.024645 0.998291 0.000000 0.000000 0.000000 0.000000 1.000000</pose_matrix>
<pose_matrix name="upperLeg.L">0.999548 0.025849 0.025845 0.954478 0.014629 -0.930638 0.365650 -1.605162 0.033508 -0.365027 -0.930394 -0.472286 0.000000 0.000000 0.000000 1.000000</pose_matrix>
<pose_matrix name="lowerLeg.L">0.996924 -0.068215 -0.038595 0.000000 0.033781 0.818320 -0.573769 4.164523 0.070723 0.570701 0.818107 -0.000000 0.000000 0.000000 0.000000 1.000000</pose_matrix>
<pose_matrix name="foot.L">0.998958 -0.011892 0.044071 0.000000 -0.032281 0.498585 0.866239 4.306371 -0.032274 -0.866759 0.497682 0.000000 0.000000 0.000000 0.000000 1.000000</pose_matrix>
<pose_matrix name="upperLeg.R">0.999548 -0.025859 -0.025835 -0.954478 -0.035171 -0.486881 -0.872761 -1.605162 0.009976 0.873086 -0.487465 -0.472286 0.000000 0.000000 0.000000 1.000000</pose_matrix>
<pose_matrix name="lowerLeg.R">0.997750 0.065064 0.016150 0.000000 -0.005748 0.323045 -0.946366 4.164523 -0.066791 0.944144 0.322692 0.000000 0.000000 0.000000 0.000000 1.000000</pose_matrix>
<pose_matrix name="foot.R">0.998958 0.018592 -0.041688 -0.000000 0.032282 0.357921 0.933194 4.306371 0.032271 -0.933567 0.356948 0.000000 0.000000 0.000000 0.000000 1.000000</pose_matrix>
</keyframe>
<keyframe time="1.417000">
<pose_matrix name="stomach">1.000000 -0.000000 0.000000 0.000000 -0.000000 -0.084286 -0.996442 0.000000 0.000000 0.996442 -0.084286 -0.817014 0.000000 0.000000 0.000000 1.000000</pose_matrix>
<pose_matrix name="chest">1.000000 0.000000 0.000000 -0.000000 0.000000 1.000000 0.000000 2.523677 0.000000 0.000000 1.000000 0.000000 0.000000 0.000000 0.000000 1.000000</pose_matrix>
<pose_matrix name="head">1.000000 0.000000 0.000000 0.000000 0.000000 1.000000 0.000000 2.542380 0.000000 0.000000 1.000000 0.000000 0.000000 0.000000 0.000000 1.000000</pose_matrix>
<pose_matrix name="shoulder.L">0.002855 0.998572 -0.053354 0.592326 -0.053354 0.053431 0.997145 2.026872 0.998572 -0.000000 0.053431 -0.835659 0.000000 0.000000 0.000000 1.000000</pose_matrix>
<pose_matrix name="upperArm.L">0.902620 0.404187 -0.148016 -0.000000 0.102720 0.131671 0.985957 1.307507 0.418001 -0.905149 0.077331 0.000000 0.000000 0.000000 0.000000 1.000000</pose_matrix>
<pose_matrix name="lowerArm.L">0.669493 0.735795 -0.101905 0.000000 -0.730340 0.677063 0.090495 2.321184 0.135582 0.013839 0.990670 -0.000000 0.000000 0.000000 0.000000 1.000000</pose_matrix>
<pose_matrix name="shoulder.R">0.002855 -0.998571 0.053355 -0.592326 0.053355 0.053431 0.997145 2.026872 -0.998571 -0.000000 0.053431 -0.835659 0.000000 0.000000 0.000000 1.000000</pose_matrix>
<pose_matrix name="upperArm.R">0.719885 0.677810 -0.149462 -0.000000 0.082115 0.130653 0.988022 1.307508 0.689219 -0.723535 0.038397 -0.000000 0.000000 0.000000 0.000000 1.000000</pose_matrix>
<pose_matrix name="lowerArm.R">0.835784 -0.542981 0.081475 0.000000 0.545787 0.837781 -0.015480 2.321185 -0.059853 0.057406 0.996555 -0.000000 0.000000 0.000000 0.000000 1.000000</pose_matrix>
<pose_matrix name="upperLeg.L">0.999548 0.025848 0.025846 0.954478 0.010381 -0.878454 0.477715 -1.605162 0.035056 -0.477128 -0.878135 -0.472286 0.000000 0.000000 0.000000 1.000000</pose_matrix>
<pose_matrix name="lowerLeg.L">0.996850 -0.067563 -0.041549 0.000000 0.037467 0.862825 -0.504112 4.164523 0.069908 0.500967 0.862638 -0.000000 0.000000 0.000000 0.000000 1.000000</pose_matrix>
<pose_matrix name="foot.L">0.998958 -0.021963 0.040015 0.000000 -0.032283 0.279807 0.959513 4.306371 -0.032270 -0.959805 0.278807 0.000001 0.000000 0.000000 0.000000 1.000000</pose_matrix>
<pose_matrix name="upperLeg.R">0.999548 -0.025854 -0.025838 -0.954478 -0.035351 -0.863813 -0.502572 -1.605162 -0.009335 0.503149 -0.864149 -0.472286 0.000000 0.000000 0.000000 1.000000</pose_matrix>
<pose_matrix name="lowerLeg.R">0.996623 0.058073 0.058050 0.000000 -0.058062 0.998311 -0.001875 4.164524 -0.058061 -0.001502 0.998312 0.000000 0.000000 0.000000 0.000000 1.000000</pose_matrix>
<pose_matrix name="foot.R">0.998958 0.017996 -0.041949 -0.000000 0.032282 0.371198 0.927993 4.306372 0.032272 -0.928379 0.370230 0.000000 0.000000 0.000000 0.000000 1.000000</pose_matrix>
</keyframe>
</animation>
</animations>
</mesh>

</meshes>

<point_lights>

<point_light name="Lamp">
<falloff_distance>29.999983</falloff_distance>
<energy>1.000000</energy>
<linear_attenuation>0.000000</linear_attenuation>
<quadratic_attenuation>1.000000</quadratic_attenuation>
<light_color>1.000000 1.000000 1.000000 1.0</light_color>
<local_matrix>-0.290865 -0.771101 0.566393 4.076245 -0.055189 0.604525 0.794672 5.903862 -0.955171 0.199883 -0.218391 -1.005453 0.000000 0.000000 0.000000 1.000000</local_matrix>
</point_light>

</point_lights>

</asset>
</UntoldEngine>

