<?xml version="1.0" encoding="utf-8"?>
<UntoldEngine xmlns="" version="0.0.1">
<asset>
<meshes>
<mesh name="Cube" vertex_count="24" index_count="24">
</mesh>

<mesh name="pele" vertex_count="7590" index_count="7590">
<animations>
<modeler_animation_transform>1.000000 -0.000000 0.000000 -0.000000 -0.000000 0.000000 -1.000000 0.000000 0.000000 1.000000 0.000000 -0.000000 -0.000000 0.000000 -0.000000 1.000000</modeler_animation_transform>

<animation name="sidecarryright" fps="24.000000">
<keyframe time="0.000000">
<pose_matrix name="stomach">1.000000 0.000000 -0.000000 0.000000 0.000000 -0.084286 -0.996442 0.000000 -0.000000 0.996442 -0.084286 -0.817014 0.000000 0.000000 0.000000 1.000000</pose_matrix>
<pose_matrix name="chest">1.000000 -0.000000 0.000000 0.000000 -0.000000 1.000000 0.000000 2.523677 0.000000 0.000000 1.000000 0.000000 0.000000 0.000000 0.000000 1.000000</pose_matrix>
<pose_matrix name="head">1.000000 -0.000000 0.000000 -0.000000 -0.000000 1.000000 0.000000 2.542380 0.000000 0.000000 1.000000 0.000000 0.000000 0.000000 0.000000 1.000000</pose_matrix>
<pose_matrix name="shoulder.L">0.002855 0.998572 -0.053354 0.592326 -0.053354 0.053431 0.997145 2.026872 0.998572 -0.000000 0.053431 -0.835659 0.000000 0.000000 0.000000 1.000000</pose_matrix>
<pose_matrix name="upperArm.L">0.719885 -0.677810 0.149462 -0.000000 -0.082115 0.130653 0.988022 1.307507 -0.689219 -0.723535 0.038397 0.000000 0.000000 0.000000 0.000000 1.000000</pose_matrix>
<pose_matrix name="lowerArm.L">0.835783 0.542980 -0.081475 0.000000 -0.545787 0.837781 -0.015479 2.321185 0.059854 0.057405 0.996555 0.000000 0.000000 0.000000 0.000000 1.000000</pose_matrix>
<pose_matrix name="shoulder.R">0.002855 -0.998571 0.053355 -0.592326 0.053355 0.053431 0.997145 2.026872 -0.998571 -0.000000 0.053431 -0.835659 0.000000 0.000000 0.000000 1.000000</pose_matrix>
<pose_matrix name="upperArm.R">0.902620 -0.404188 0.148016 -0.000000 -0.102721 0.131671 0.985957 1.307508 -0.418001 -0.905149 0.077330 -0.000000 0.000000 0.000000 0.000000 1.000000</pose_matrix>
<pose_matrix name="lowerArm.R">0.669493 -0.735795 0.101905 -0.000000 0.730340 0.677063 0.090495 2.321185 -0.135581 0.013840 0.990670 0.000000 0.000000 0.000000 0.000000 1.000000</pose_matrix>
<pose_matrix name="upperLeg.L">0.999548 0.025854 0.025838 0.954478 0.035351 -0.863813 -0.502572 -1.605162 0.009335 0.503149 -0.864149 -0.472286 0.000000 0.000000 0.000000 1.000000</pose_matrix>
<pose_matrix name="lowerLeg.L">0.996623 -0.058073 -0.058050 -0.000000 0.058062 0.998311 -0.001875 4.164524 0.058061 -0.001502 0.998312 0.000000 0.000000 0.000000 0.000000 1.000000</pose_matrix>
<pose_matrix name="foot.L">0.998958 -0.017996 0.041950 0.000000 -0.032283 0.371198 0.927993 4.306372 -0.032272 -0.928379 0.370230 0.000000 0.000000 0.000000 0.000000 1.000000</pose_matrix>
<pose_matrix name="upperLeg.R">0.999548 -0.025848 -0.025846 -0.954478 -0.010381 -0.878454 0.477715 -1.605162 -0.035056 -0.477128 -0.878135 -0.472286 0.000000 0.000000 0.000000 1.000000</pose_matrix>
<pose_matrix name="lowerLeg.R">0.996850 0.067563 0.041549 -0.000000 -0.037467 0.862825 -0.504112 4.164523 -0.069908 0.500967 0.862638 -0.000000 0.000000 0.000000 0.000000 1.000000</pose_matrix>
<pose_matrix name="foot.R">0.998958 0.021963 -0.040014 -0.000000 0.032283 0.279807 0.959513 4.306371 0.032270 -0.959805 0.278807 0.000001 0.000000 0.000000 0.000000 1.000000</pose_matrix>
</keyframe>
<keyframe time="0.208000">
<pose_matrix name="stomach">1.000000 0.000000 -0.000000 0.000000 0.000000 -0.072057 -0.997400 0.000000 -0.000000 0.997400 -0.072057 -0.626512 0.000000 0.000000 0.000000 1.000000</pose_matrix>
<pose_matrix name="chest">1.000000 -0.000000 0.000000 -0.000000 0.000000 1.000000 0.000000 2.523677 0.000000 -0.000000 1.000000 -0.000000 0.000000 0.000000 0.000000 1.000000</pose_matrix>
<pose_matrix name="head">1.000000 -0.000000 0.000000 -0.000000 0.000000 1.000000 0.000000 2.542380 0.000000 -0.000000 1.000000 -0.000000 0.000000 0.000000 0.000000 1.000000</pose_matrix>
<pose_matrix name="shoulder.L">0.002855 0.998572 -0.053354 0.592326 -0.053354 0.053431 0.997145 2.026873 0.998572 -0.000000 0.053431 -0.835659 0.000000 0.000000 0.000000 1.000000</pose_matrix>
<pose_matrix name="upperArm.L">0.866148 -0.465808 0.181134 0.000000 -0.109577 0.176615 0.978162 1.307507 -0.487627 -0.867081 0.101933 0.000000 0.000000 0.000000 0.000000 1.000000</pose_matrix>
<pose_matrix name="lowerArm.L">0.885961 0.455327 -0.088038 -0.000000 -0.459189 0.887864 -0.029032 2.321185 0.064947 0.066147 0.995694 -0.000000 0.000000 0.000000 0.000000 1.000000</pose_matrix>
<pose_matrix name="shoulder.R">0.002855 -0.998571 0.053355 -0.592326 0.053355 0.053431 0.997145 2.026872 -0.998571 -0.000000 0.053431 -0.835659 0.000000 0.000000 0.000000 1.000000</pose_matrix>
<pose_matrix name="upperArm.R">0.944072 -0.284025 0.167507 -0.000000 -0.118145 0.182907 0.976005 1.307507 -0.307848 -0.941209 0.139121 0.000001 0.000000 0.000000 0.000000 1.000000</pose_matrix>
<pose_matrix name="lowerArm.R">0.686708 -0.715151 0.130351 0.000000 0.706149 0.698834 0.113952 2.321186 -0.172587 0.013796 0.984898 -0.000000 0.000000 0.000000 0.000000 1.000000</pose_matrix>
<pose_matrix name="upperLeg.L">0.999548 0.025854 0.025838 0.954478 0.035516 -0.854452 -0.518315 -1.605162 0.008686 0.518886 -0.854799 -0.472286 0.000000 0.000000 0.000000 1.000000</pose_matrix>
<pose_matrix name="lowerLeg.L">0.996902 -0.068057 -0.039422 0.000000 0.034810 0.831266 -0.554783 4.164523 0.070527 0.551693 0.831060 0.000000 0.000000 0.000000 0.000000 1.000000</pose_matrix>
<pose_matrix name="foot.L">0.998958 -0.023484 0.039141 -0.000000 -0.032283 0.242713 0.969561 4.306370 -0.032269 -0.969814 0.241702 0.000000 0.000000 0.000000 0.000000 1.000000</pose_matrix>
<pose_matrix name="upperLeg.R">0.999548 -0.025849 -0.025842 -0.954478 -0.022614 -0.992651 0.118887 -1.605162 -0.028730 -0.118223 -0.992571 -0.472286 0.000000 0.000000 0.000000 1.000000</pose_matrix>
<pose_matrix name="lowerLeg.R">0.997666 0.065880 0.017938 0.000000 -0.007982 0.373445 -0.927618 4.164523 -0.067810 0.925310 0.373100 -0.000000 0.000000 0.000000 0.000000 1.000000</pose_matrix>
<pose_matrix name="foot.R">0.998958 0.021035 -0.040510 -0.000000 0.032283 0.301850 0.952809 4.306371 0.032270 -0.953123 0.300857 -0.000000 0.000000 0.000000 0.000000 1.000000</pose_matrix>
</keyframe>
<keyframe time="0.375000">
<pose_matrix name="stomach">1.000000 -0.000000 -0.000000 0.000000 -0.000000 0.079950 -0.996799 0.000000 0.000000 0.996799 0.079950 0.000000 0.000000 0.000000 0.000000 1.000000</pose_matrix>
<pose_matrix name="chest">1.000000 0.000000 0.000000 -0.000000 -0.000000 1.000000 -0.000000 2.523677 0.000000 0.000000 1.000000 0.000000 0.000000 0.000000 0.000000 1.000000</pose_matrix>
<pose_matrix name="head">1.000000 0.000000 0.000000 -0.000000 -0.000000 1.000000 -0.000000 2.542379 0.000000 0.000000 1.000000 -0.000000 0.000000 0.000000 0.000000 1.000000</pose_matrix>
<pose_matrix name="shoulder.L">0.002855 0.998572 -0.053354 0.592326 -0.053354 0.053431 0.997145 2.026872 0.998572 -0.000000 0.053431 -0.835659 0.000000 0.000000 0.000000 1.000000</pose_matrix>
<pose_matrix name="upperArm.L">0.992009 0.121187 0.035092 0.000000 -0.049548 0.118414 0.991727 1.307507 0.116029 -0.985541 0.123473 -0.000000 0.000000 0.000000 0.000000 1.000000</pose_matrix>
<pose_matrix name="lowerArm.L">0.876268 0.476768 -0.069621 -0.000000 -0.479134 0.877478 -0.021492 2.321185 0.050844 0.052190 0.997342 0.000000 0.000000 0.000000 0.000000 1.000000</pose_matrix>
<pose_matrix name="shoulder.R">0.002855 -0.998571 0.053355 -0.592326 0.053355 0.053431 0.997145 2.026871 -0.998571 -0.000000 0.053431 -0.835658 0.000000 0.000000 0.000000 1.000000</pose_matrix>
<pose_matrix name="upperArm.R">0.990083 -0.106600 0.091497 0.000000 -0.078998 0.116095 0.990092 1.307507 -0.116166 -0.987501 0.106522 0.000000 0.000000 0.000000 0.000000 1.000000</pose_matrix>
<pose_matrix name="lowerArm.R">0.996657 -0.080934 -0.011131 0.000000 0.080811 0.996667 -0.011132 2.321186 0.011994 0.010195 0.999876 0.000000 0.000000 0.000000 0.000000 1.000000</pose_matrix>
<pose_matrix name="upperLeg.L">0.999548 0.025849 0.025842 0.954478 0.023240 -0.995011 0.097024 -1.605162 0.028226 -0.096359 -0.994947 -0.472286 0.000000 0.000000 0.000000 1.000000</pose_matrix>
<pose_matrix name="lowerLeg.L">0.996623 -0.058073 -0.058050 -0.000000 0.058062 0.998311 -0.001875 4.164524 0.058061 -0.001502 0.998312 0.000000 0.000000 0.000000 0.000000 1.000000</pose_matrix>
<pose_matrix name="foot.L">0.998958 -0.018337 0.041802 -0.000000 -0.032282 0.363631 0.930984 4.306370 -0.032272 -0.931363 0.362660 -0.000000 0.000000 0.000000 0.000000 1.000000</pose_matrix>
<pose_matrix name="upperLeg.R">0.999549 -0.025849 -0.025831 -0.954478 -0.035215 -0.870498 -0.490911 -1.605162 -0.009805 0.491492 -0.870827 -0.472286 0.000000 0.000000 0.000000 1.000000</pose_matrix>
<pose_matrix name="lowerLeg.R">0.997785 0.064702 0.015435 0.000000 -0.004838 0.302018 -0.953290 4.164523 -0.066341 0.951104 0.301662 0.000000 0.000000 0.000000 0.000000 1.000000</pose_matrix>
<pose_matrix name="foot.R">0.998958 0.002699 -0.045567 -0.000000 0.032282 0.663983 0.747051 4.306372 0.032272 -0.747743 0.663203 0.000000 0.000000 0.000000 0.000000 1.000000</pose_matrix>
</keyframe>
<keyframe time="0.542000">
<pose_matrix name="stomach">1.000000 -0.000000 -0.000000 0.000000 -0.000000 -0.046416 -0.998922 0.000000 0.000000 0.998922 -0.046416 0.000000 0.000000 0.000000 0.000000 1.000000</pose_matrix>
<pose_matrix name="chest">1.000000 0.000000 0.000000 -0.000000 0.000000 1.000000 0.000000 2.523677 -0.000000 0.000000 1.000000 0.000000 0.000000 0.000000 0.000000 1.000000</pose_matrix>
<pose_matrix name="head">1.000000 0.000000 0.000000 0.000000 0.000000 1.000000 0.000000 2.542380 -0.000000 0.000000 1.000000 -0.000000 0.000000 0.000000 0.000000 1.000000</pose_matrix>
<pose_matrix name="shoulder.L">0.002855 0.998572 -0.053354 0.592326 -0.053354 0.053431 0.997145 2.026873 0.998572 -0.000000 0.053431 -0.835659 0.000000 0.000000 0.000000 1.000000</pose_matrix>
<pose_matrix name="upperArm.L">0.888032 0.458850 -0.029242 -0.000000 -0.030940 0.123091 0.991913 1.307507 0.458739 -0.879946 0.123505 -0.000001 0.000000 0.000000 0.000000 1.000000</pose_matrix>
<pose_matrix name="lowerArm.L">0.836219 0.541845 -0.084513 0.000000 -0.545085 0.838150 -0.019685 2.321185 0.060168 0.062528 0.996228 -0.000000 0.000000 0.000000 0.000000 1.000000</pose_matrix>
<pose_matrix name="shoulder.R">0.002855 -0.998571 0.053355 -0.592326 0.053355 0.053431 0.997145 2.026872 -0.998571 -0.000000 0.053431 -0.835659 0.000000 0.000000 0.000000 1.000000</pose_matrix>
<pose_matrix name="upperArm.R">0.938885 0.344083 0.010095 0.000000 -0.054779 0.120393 0.991214 1.307507 0.339844 -0.931189 0.131883 -0.000000 0.000000 0.000000 0.000000 1.000000</pose_matrix>
<pose_matrix name="lowerArm.R">0.951610 -0.305949 0.028875 -0.000000 0.305827 0.952048 0.008676 2.321186 -0.030145 0.000574 0.999545 0.000000 0.000000 0.000000 0.000000 1.000000</pose_matrix>
<pose_matrix name="upperLeg.L">0.999548 0.025849 0.025841 0.954478 0.026088 -0.999624 -0.008505 -1.605162 0.025617 0.009173 -0.999630 -0.472286 0.000000 0.000000 0.000000 1.000000</pose_matrix>
<pose_matrix name="lowerLeg.L">0.996623 -0.058073 -0.058050 -0.000000 0.058062 0.998311 -0.001875 4.164523 0.058061 -0.001502 0.998312 0.000000 0.000000 0.000000 0.000000 1.000000</pose_matrix>
<pose_matrix name="foot.L">0.998958 -0.018337 0.041802 -0.000000 -0.032282 0.363631 0.930984 4.306371 -0.032272 -0.931363 0.362660 0.000000 0.000000 0.000000 0.000000 1.000000</pose_matrix>
<pose_matrix name="upperLeg.R">0.999548 -0.025854 -0.025831 -0.954478 -0.036189 -0.600001 -0.799181 -1.605162 0.005152 0.799581 -0.600536 -0.472286 0.000000 0.000000 0.000000 1.000000</pose_matrix>
<pose_matrix name="lowerLeg.R">0.997721 0.065356 0.016780 0.000000 -0.006521 0.340907 -0.940074 4.164524 -0.067160 0.937822 0.340556 -0.000000 0.000000 0.000000 0.000000 1.000000</pose_matrix>
<pose_matrix name="foot.R">0.998958 -0.003945 -0.045477 -0.000000 0.032279 0.765500 0.642625 4.306371 0.032277 -0.643423 0.764830 0.000000 0.000000 0.000000 0.000000 1.000000</pose_matrix>
</keyframe>
<keyframe time="0.708000">
<pose_matrix name="stomach">1.000000 -0.000000 -0.000000 0.000000 -0.000000 -0.046056 -0.998939 0.000000 0.000000 0.998939 -0.046056 0.000000 0.000000 0.000000 0.000000 1.000000</pose_matrix>
<pose_matrix name="chest">1.000000 -0.000000 0.000000 0.000000 -0.000000 1.000000 0.000000 2.523677 0.000000 0.000000 1.000000 0.000000 0.000000 0.000000 0.000000 1.000000</pose_matrix>
<pose_matrix name="head">1.000000 -0.000000 0.000000 -0.000000 -0.000000 1.000000 0.000000 2.542379 0.000000 0.000000 1.000000 0.000000 0.000000 0.000000 0.000000 1.000000</pose_matrix>
<pose_matrix name="shoulder.L">0.002855 0.998572 -0.053354 0.592326 -0.053354 0.053431 0.997145 2.026872 0.998572 -0.000000 0.053431 -0.835659 0.000000 0.000000 0.000000 1.000000</pose_matrix>
<pose_matrix name="upperArm.L">0.780584 0.621830 -0.063369 0.000000 -0.021766 0.128363 0.991488 1.307507 0.624672 -0.772561 0.113733 -0.000000 0.000000 0.000000 0.000000 1.000000</pose_matrix>
<pose_matrix name="lowerArm.L">0.883468 0.463719 -0.066701 0.000000 -0.465929 0.884556 -0.021710 2.321185 0.048934 0.050258 0.997537 -0.000000 0.000000 0.000000 0.000000 1.000000</pose_matrix>
<pose_matrix name="shoulder.R">0.002855 -0.998571 0.053355 -0.592326 0.053355 0.053431 0.997145 2.026871 -0.998571 -0.000000 0.053431 -0.835659 0.000000 0.000000 0.000000 1.000000</pose_matrix>
<pose_matrix name="upperArm.R">0.787290 0.614706 -0.048071 0.000000 -0.040498 0.129347 0.990772 1.307507 0.615251 -0.778078 0.126728 -0.000001 0.000000 0.000000 0.000000 1.000000</pose_matrix>
<pose_matrix name="lowerArm.R">0.840010 -0.538431 0.066906 -0.000000 0.536872 0.842668 0.040962 2.321186 -0.078435 0.001511 0.996918 0.000000 0.000000 0.000000 0.000000 1.000000</pose_matrix>
<pose_matrix name="upperLeg.L">0.999548 0.025849 0.025841 0.954478 0.026035 -0.999641 -0.006448 -1.605162 0.025671 0.007116 -0.999645 -0.472286 0.000000 0.000000 0.000000 1.000000</pose_matrix>
<pose_matrix name="lowerLeg.L">0.996623 -0.058073 -0.058050 -0.000000 0.058062 0.998311 -0.001875 4.164523 0.058061 -0.001502 0.998312 -0.000000 0.000000 0.000000 0.000000 1.000000</pose_matrix>
<pose_matrix name="foot.L">0.998958 -0.018337 0.041802 0.000000 -0.032282 0.363631 0.930984 4.306371 -0.032272 -0.931363 0.362660 0.000000 0.000000 0.000000 0.000000 1.000000</pose_matrix>
<pose_matrix name="upperLeg.R">0.991995 -0.118033 0.049461 -0.954478 -0.030673 -0.594384 -0.803597 -1.605162 0.124212 0.795476 -0.593119 -0.472286 0.000000 0.000000 0.000000 1.000000</pose_matrix>
<pose_matrix name="lowerLeg.R">0.906225 0.091476 0.412781 0.000000 0.284633 0.589934 -0.755620 4.164523 -0.312634 0.802253 0.508576 0.000000 0.000000 0.000000 0.000000 1.000000</pose_matrix>
<pose_matrix name="foot.R">0.998958 -0.003726 -0.045496 0.000000 0.032279 0.762385 0.646319 4.306371 0.032277 -0.647114 0.761710 0.000001 0.000000 0.000000 0.000000 1.000000</pose_matrix>
</keyframe>
</animation>
</animations>
</mesh>

</meshes>

<point_lights>

<point_light name="Lamp">
<falloff_distance>29.999983</falloff_distance>
<energy>1.000000</energy>
<linear_attenuation>0.000000</linear_attenuation>
<quadratic_attenuation>1.000000</quadratic_attenuation>
<light_color>1.000000 1.000000 1.000000 1.0</light_color>
<local_matrix>-0.290865 -0.771101 0.566393 4.076245 -0.055189 0.604525 0.794672 5.903862 -0.955171 0.199883 -0.218391 -1.005453 0.000000 0.000000 0.000000 1.000000</local_matrix>
</point_light>

</point_lights>

</asset>
</UntoldEngine>

