<?xml version="1.0" encoding="utf-8"?>
<UntoldEngine xmlns="" version="0.0.1">
    <asset>
        <meshes>
            <mesh name="Cube" vertex_count="24" index_count="24">
            </mesh>
            
            <mesh name="pele" vertex_count="7590" index_count="7590">
                <animations>
                    <modeler_animation_transform>1.000000 -0.000000 0.000000 -0.000000 -0.000000 0.000000 -1.000000 0.000000 0.000000 1.000000 0.000000 -0.000000 -0.000000 0.000000 -0.000000 1.000000</modeler_animation_transform>
                    
                    <animation name="stealing" fps="24.000000">
                        <keyframe time="0.000000">
                            <pose_matrix name="stomach">-0.000000 -0.079950 0.996799 0.000000 1.000000 0.000000 0.000000 0.000000 0.000000 0.996799 0.079950 0.000000 0.000000 0.000000 0.000000 1.000000</pose_matrix>
                            <pose_matrix name="chest">0.918833 -0.048950 -0.391599 -0.000000 0.048950 0.998751 -0.009990 2.523677 0.391599 -0.009990 0.920082 -0.000000 0.000000 0.000000 0.000000 1.000000</pose_matrix>
                            <pose_matrix name="head">0.925808 0.029349 -0.376852 -0.000000 -0.017802 0.999260 0.034089 2.542380 0.377574 -0.024851 0.925646 -0.000000 0.000000 0.000000 0.000000 1.000000</pose_matrix>
                            <pose_matrix name="shoulder.L">0.002855 0.998572 -0.053354 0.592326 -0.053354 0.053431 0.997145 2.026872 0.998572 -0.000000 0.053431 -0.835659 0.000000 0.000000 0.000000 1.000000</pose_matrix>
                            <pose_matrix name="upperArm.L">0.992306 0.121817 -0.022150 -0.000000 0.009330 0.104828 0.994447 1.307507 0.123462 -0.987002 0.102885 -0.000001 0.000000 0.000000 0.000000 1.000000</pose_matrix>
                            <pose_matrix name="lowerArm.L">0.996657 0.080934 0.011130 -0.000000 -0.080811 0.996667 -0.011131 2.321186 -0.011994 0.010194 0.999876 -0.000000 0.000000 0.000000 0.000000 1.000000</pose_matrix>
                            <pose_matrix name="shoulder.R">0.002855 -0.998571 0.053355 -0.592326 0.053355 0.053431 0.997145 2.026872 -0.998571 -0.000000 0.053431 -0.835658 0.000000 0.000000 0.000000 1.000000</pose_matrix>
                            <pose_matrix name="upperArm.R">0.986271 -0.109367 -0.123729 0.000000 0.134512 0.097423 0.986111 1.307507 -0.095794 -0.989216 0.110796 -0.000000 0.000000 0.000000 0.000000 1.000000</pose_matrix>
                            <pose_matrix name="lowerArm.R">0.876268 -0.476768 0.069621 0.000000 0.479134 0.877478 -0.021492 2.321186 -0.050844 0.052191 0.997342 0.000000 0.000000 0.000000 0.000000 1.000000</pose_matrix>
                            <pose_matrix name="upperLeg.L">0.998833 0.035310 0.038971 0.954478 0.040254 -0.990142 -0.134163 -1.605162 0.033854 0.135546 -0.990193 -0.472286 0.000000 0.000000 0.000000 1.000000</pose_matrix>
                            <pose_matrix name="lowerLeg.L">0.992951 -0.100528 -0.062780 0.000000 0.055031 0.860188 -0.506998 4.164523 0.104971 0.499970 0.859658 0.000000 0.000000 0.000000 0.000000 1.000000</pose_matrix>
                            <pose_matrix name="foot.L">0.998958 -0.019811 0.041123 -0.000000 -0.032283 0.330284 0.943329 4.306372 -0.032271 -0.943674 0.329301 -0.000000 0.000000 0.000000 0.000000 1.000000</pose_matrix>
                            <pose_matrix name="upperLeg.R">0.564640 -0.001297 0.825599 -0.954478 -0.091571 -0.993926 0.061046 -1.605162 0.820321 -0.110046 -0.561217 -0.472286 0.000000 0.000000 0.000000 1.000000</pose_matrix>
                            <pose_matrix name="lowerLeg.R">0.996623 0.058073 0.058050 -0.000000 -0.058062 0.998311 -0.001875 4.164523 -0.058061 -0.001502 0.998312 -0.000000 0.000000 0.000000 0.000000 1.000000</pose_matrix>
                            <pose_matrix name="foot.R">0.998958 0.018337 -0.041801 0.000000 0.032282 0.363631 0.930984 4.306372 0.032271 -0.931363 0.362660 -0.000000 0.000000 0.000000 0.000000 1.000000</pose_matrix>
                        </keyframe>
                        <keyframe time="0.167000">
                            <pose_matrix name="stomach">-0.000000 -0.079950 0.996799 0.000000 1.000000 0.000000 0.000000 0.000000 0.000000 0.996799 0.079950 0.000000 0.000000 0.000000 0.000000 1.000000</pose_matrix>
                            <pose_matrix name="chest">0.918833 -0.048950 -0.391599 -0.000000 0.048950 0.998751 -0.009990 2.523677 0.391599 -0.009990 0.920082 -0.000000 0.000000 0.000000 0.000000 1.000000</pose_matrix>
                            <pose_matrix name="head">0.925808 0.029349 -0.376852 -0.000000 -0.017802 0.999260 0.034089 2.542380 0.377574 -0.024851 0.925646 -0.000000 0.000000 0.000000 0.000000 1.000000</pose_matrix>
                            <pose_matrix name="shoulder.L">0.002855 0.998572 -0.053354 0.592326 -0.053354 0.053431 0.997145 2.026872 0.998572 -0.000000 0.053431 -0.835659 0.000000 0.000000 0.000000 1.000000</pose_matrix>
                            <pose_matrix name="upperArm.L">0.992165 -0.122337 -0.025345 -0.000000 0.026835 0.010546 0.999584 1.307507 -0.122018 -0.992433 0.013746 -0.000001 0.000000 0.000000 0.000000 1.000000</pose_matrix>
                            <pose_matrix name="lowerArm.L">0.964038 0.264759 -0.023098 -0.000000 -0.265763 0.960675 -0.080461 2.321185 0.000887 0.083706 0.996490 0.000000 0.000000 0.000000 0.000000 1.000000</pose_matrix>
                            <pose_matrix name="shoulder.R">0.002855 -0.998571 0.053355 -0.592326 0.053355 0.053431 0.997145 2.026872 -0.998571 -0.000000 0.053431 -0.835658 0.000000 0.000000 0.000000 1.000000</pose_matrix>
                            <pose_matrix name="upperArm.R">0.911552 -0.410342 -0.026310 0.000000 0.133010 0.233718 0.963164 1.307507 -0.389077 -0.881473 0.267625 -0.000000 0.000000 0.000000 0.000000 1.000000</pose_matrix>
                            <pose_matrix name="lowerArm.R">0.876268 -0.476768 0.069621 0.000000 0.479135 0.877478 -0.021492 2.321186 -0.050844 0.052191 0.997342 0.000000 0.000000 0.000000 0.000000 1.000000</pose_matrix>
                            <pose_matrix name="upperLeg.L">0.999218 0.026237 0.036161 0.954478 0.027762 -0.998730 -0.042044 -1.605162 0.035015 0.043006 -0.998461 -0.472286 0.000000 0.000000 0.000000 1.000000</pose_matrix>
                            <pose_matrix name="lowerLeg.L">0.994594 -0.072006 -0.074815 0.000000 0.044288 0.945847 -0.321578 4.164523 0.093919 0.316526 0.943923 0.000000 0.000000 0.000000 0.000000 1.000000</pose_matrix>
                            <pose_matrix name="foot.L">0.998958 -0.019811 0.041123 0.000000 -0.032283 0.330285 0.943329 4.306373 -0.032271 -0.943674 0.329301 -0.000000 0.000000 0.000000 0.000000 1.000000</pose_matrix>
                            <pose_matrix name="upperLeg.R">0.545267 -0.220474 0.809016 -0.954478 -0.214330 -0.969394 -0.119745 -1.605162 0.810474 -0.108078 -0.575718 -0.472286 0.000000 0.000000 0.000000 1.000000</pose_matrix>
                            <pose_matrix name="lowerLeg.R">0.982868 0.180013 0.039580 -0.000000 -0.169584 0.967345 -0.188377 4.164523 -0.072198 0.178437 0.981299 0.000000 0.000000 0.000000 0.000000 1.000000</pose_matrix>
                            <pose_matrix name="foot.R">0.998958 0.018337 -0.041801 0.000000 0.032282 0.363631 0.930984 4.306370 0.032271 -0.931363 0.362660 0.000000 0.000000 0.000000 0.000000 1.000000</pose_matrix>
                        </keyframe>
                        <keyframe time="0.375000">
                            <pose_matrix name="stomach">-0.000000 -0.079950 0.996799 0.000000 1.000000 0.000000 0.000000 0.000000 0.000000 0.996799 0.079950 0.000000 0.000000 0.000000 0.000000 1.000000</pose_matrix>
                            <pose_matrix name="chest">0.913143 -0.102777 -0.394470 -0.000000 0.098458 0.994651 -0.031233 2.523677 0.395570 -0.010319 0.918378 -0.000000 0.000000 0.000000 0.000000 1.000000</pose_matrix>
                            <pose_matrix name="head">0.925808 0.029349 -0.376852 -0.000000 -0.017802 0.999260 0.034089 2.542379 0.377574 -0.024851 0.925646 -0.000000 0.000000 0.000000 0.000000 1.000000</pose_matrix>
                            <pose_matrix name="shoulder.L">0.002855 0.998572 -0.053354 0.592326 -0.053354 0.053431 0.997145 2.026872 0.998572 -0.000000 0.053431 -0.835659 0.000000 0.000000 0.000000 1.000000</pose_matrix>
                            <pose_matrix name="upperArm.L">0.992165 -0.122337 -0.025345 0.000000 0.026835 0.010546 0.999584 1.307507 -0.122018 -0.992433 0.013746 0.000000 0.000000 0.000000 0.000000 1.000000</pose_matrix>
                            <pose_matrix name="lowerArm.L">0.964038 0.264759 -0.023098 0.000000 -0.265763 0.960675 -0.080461 2.321185 0.000887 0.083706 0.996490 -0.000000 0.000000 0.000000 0.000000 1.000000</pose_matrix>
                            <pose_matrix name="shoulder.R">0.002855 -0.998571 0.053355 -0.592326 0.053355 0.053431 0.997145 2.026872 -0.998571 -0.000000 0.053431 -0.835659 0.000000 0.000000 0.000000 1.000000</pose_matrix>
                            <pose_matrix name="upperArm.R">0.911552 -0.410342 -0.026310 -0.000000 0.133010 0.233718 0.963164 1.307507 -0.389077 -0.881473 0.267625 -0.000000 0.000000 0.000000 0.000000 1.000000</pose_matrix>
                            <pose_matrix name="lowerArm.R">0.876268 -0.476768 0.069621 -0.000000 0.479134 0.877479 -0.021492 2.321186 -0.050844 0.052191 0.997342 0.000000 0.000000 0.000000 0.000000 1.000000</pose_matrix>
                            <pose_matrix name="upperLeg.L">0.999218 0.026237 0.036161 0.954478 0.027762 -0.998730 -0.042044 -1.605162 0.035015 0.043006 -0.998461 -0.472286 0.000000 0.000000 0.000000 1.000000</pose_matrix>
                            <pose_matrix name="lowerLeg.L">0.994594 -0.072006 -0.074815 0.000000 0.044288 0.945847 -0.321578 4.164523 0.093919 0.316526 0.943923 0.000000 0.000000 0.000000 0.000000 1.000000</pose_matrix>
                            <pose_matrix name="foot.L">0.998958 -0.019811 0.041123 0.000000 -0.032283 0.330285 0.943329 4.306373 -0.032271 -0.943674 0.329301 -0.000000 0.000000 0.000000 0.000000 1.000000</pose_matrix>
                            <pose_matrix name="upperLeg.R">0.525328 -0.327556 0.785602 -0.954478 -0.273844 -0.938927 -0.208389 -1.605162 0.805701 -0.105634 -0.582827 -0.472286 0.000000 0.000000 0.000000 1.000000</pose_matrix>
                            <pose_matrix name="lowerLeg.R">0.994027 0.094235 0.055039 0.000000 -0.091099 0.994212 -0.056942 4.164523 -0.060086 0.051588 0.996859 0.000000 0.000000 0.000000 0.000000 1.000000</pose_matrix>
                            <pose_matrix name="foot.R">0.997977 0.052013 0.036565 0.000000 -0.057369 0.488753 0.870534 4.306371 0.027408 -0.870870 0.490748 0.000000 0.000000 0.000000 0.000000 1.000000</pose_matrix>
                        </keyframe>
                    </animation>
                </animations>
            </mesh>
            
        </meshes>
        
        <point_lights>
            
            <point_light name="Lamp">
                <falloff_distance>29.999983</falloff_distance>
                <energy>1.000000</energy>
                <linear_attenuation>0.000000</linear_attenuation>
                <quadratic_attenuation>1.000000</quadratic_attenuation>
                <light_color>1.000000 1.000000 1.000000 1.0</light_color>
                <local_matrix>-0.290865 -0.771101 0.566393 4.076245 -0.055189 0.604525 0.794672 5.903862 -0.955171 0.199883 -0.218391 -1.005453 0.000000 0.000000 0.000000 1.000000</local_matrix>
            </point_light>
            
        </point_lights>
        
    </asset>
</UntoldEngine>

