<?xml version="1.0" encoding="utf-8"?>
<UntoldEngine xmlns="" version="0.0.1">
    <asset>
        <meshes>
            <mesh name="player" vertex_count="8676" index_count="8676">
                <animations>
                    <modeler_animation_transform>1.000000 0.000000 -0.000000 0.000000 0.000000 -0.000000 1.000000 -0.000000 -0.000000 1.000000 0.000000 -0.000000 0.000000 -0.000000 0.000000 1.000000</modeler_animation_transform>
                    
                    <animation name="walking" fps="24.000000">
                        <keyframe time="0.000000">
                            <pose_matrix name="stomach">1.000000 0.000000 0.000000 0.000000 0.000000 0.000000 -1.000000 0.000000 0.000000 1.000000 0.000000 0.000000 0.000000 0.000000 0.000000 1.000000</pose_matrix>
                            <pose_matrix name="chest">1.000000 0.000000 0.000000 0.000000 -0.000000 0.972066 0.234710 0.509250 -0.000000 -0.234710 0.972066 0.000000 0.000000 0.000000 0.000000 1.000000</pose_matrix>
                            <pose_matrix name="neck">0.998357 -0.056740 0.007940 -0.000000 0.055693 0.928575 -0.366943 0.570118 0.013447 0.366783 0.930209 0.000000 0.000000 0.000000 0.000000 1.000000</pose_matrix>
                            <pose_matrix name="head">1.000000 0.000000 0.000000 -0.000000 -0.000000 0.999097 0.042488 0.134712 -0.000000 -0.042488 0.999097 0.000000 0.000000 0.000000 0.000000 1.000000</pose_matrix>
                            <pose_matrix name="upperArm.L">0.547877 0.371036 0.749776 0.477390 0.447372 -0.887284 0.112180 0.826684 0.706887 0.273968 -0.652114 -0.212825 0.000000 0.000000 0.000000 1.000000</pose_matrix>
                            <pose_matrix name="lowerArm.L">0.987597 0.147891 -0.052724 -0.000000 -0.135247 0.971881 0.192758 0.546237 0.079748 -0.183237 0.979829 -0.000000 0.000000 0.000000 0.000000 1.000000</pose_matrix>
                            <pose_matrix name="hand.L">0.995867 0.018374 -0.088948 0.000000 -0.009436 0.994955 0.099876 0.498866 0.090334 -0.098624 0.991016 0.000000 0.000000 0.000000 0.000000 1.000000</pose_matrix>
                            <pose_matrix name="upperLeg.L">0.977073 0.113879 0.179834 0.184520 0.058655 -0.956194 0.286795 -0.365986 0.204616 -0.269674 -0.940961 -0.148761 0.000000 0.000000 0.000000 1.000000</pose_matrix>
                            <pose_matrix name="lowerLeg.L">0.996429 -0.068548 -0.049295 0.000000 0.064410 0.994620 -0.081129 0.817255 0.054592 0.077664 0.995484 0.000000 0.000000 0.000000 0.000000 1.000000</pose_matrix>
                            <pose_matrix name="foot.L">0.983990 0.128041 0.123973 0.000000 -0.167535 0.427257 0.888473 0.985976 0.060793 -0.895018 0.441868 0.000000 0.000000 0.000000 0.000000 1.000000</pose_matrix>
                            <pose_matrix name="toe.L">0.929724 0.081173 0.359199 -0.000000 -0.204152 0.925408 0.319284 0.302710 -0.306489 -0.370177 0.876946 0.000000 0.000000 0.000000 0.000000 1.000000</pose_matrix>
                            <pose_matrix name="upperArm.R">0.542673 -0.387638 -0.745147 -0.477390 0.086060 -0.856809 0.508402 0.826684 -0.835524 -0.340024 -0.431606 -0.212825 0.000000 0.000000 0.000000 1.000000</pose_matrix>
                            <pose_matrix name="lowerArm.R">0.987597 -0.147891 0.052723 -0.000000 0.135247 0.971881 0.192758 0.546237 -0.079748 -0.183237 0.979829 0.000000 0.000000 0.000000 0.000000 1.000000</pose_matrix>
                            <pose_matrix name="hand.R">0.995867 -0.018374 0.088948 0.000000 0.009437 0.994955 0.099876 0.498865 -0.090334 -0.098624 0.991016 -0.000000 0.000000 0.000000 0.000000 1.000000</pose_matrix>
                            <pose_matrix name="upperLeg.R">0.977130 -0.113386 -0.179838 -0.184520 -0.171544 -0.920170 -0.351934 -0.365986 -0.125577 0.374740 -0.918586 -0.148761 0.000000 0.000000 0.000000 1.000000</pose_matrix>
                            <pose_matrix name="lowerLeg.R">0.996429 0.068548 0.049295 -0.000000 -0.064410 0.994620 -0.081129 0.817255 -0.054592 0.077664 0.995484 -0.000000 0.000000 0.000000 0.000000 1.000000</pose_matrix>
                            <pose_matrix name="foot.R">0.983990 -0.128041 -0.123973 0.000000 0.167535 0.427257 0.888473 0.985976 -0.060793 -0.895018 0.441868 0.000000 0.000000 0.000000 0.000000 1.000000</pose_matrix>
                            <pose_matrix name="toe.R">0.929724 -0.081173 -0.359199 -0.000000 0.204152 0.925408 0.319284 0.302710 0.306489 -0.370177 0.876946 0.000000 0.000000 0.000000 0.000000 1.000000</pose_matrix>
                        </keyframe>
                        <keyframe time="0.208000">
                            <pose_matrix name="stomach">1.000000 0.000000 0.000000 0.000000 0.000000 0.000000 -1.000000 0.000000 0.000000 1.000000 0.000000 -0.066144 0.000000 0.000000 0.000000 1.000000</pose_matrix>
                            <pose_matrix name="chest">1.000000 0.000000 0.000000 0.000000 -0.000000 0.972066 0.234710 0.509250 -0.000000 -0.234710 0.972066 0.000000 0.000000 0.000000 0.000000 1.000000</pose_matrix>
                            <pose_matrix name="neck">0.999911 -0.013210 0.001849 0.000000 0.012966 0.930070 -0.367153 0.570118 0.003131 0.367144 0.930159 0.000000 0.000000 0.000000 0.000000 1.000000</pose_matrix>
                            <pose_matrix name="head">1.000000 0.000000 0.000000 -0.000000 -0.000000 0.999097 0.042488 0.134712 0.000000 -0.042488 0.999097 0.000000 0.000000 0.000000 0.000000 1.000000</pose_matrix>
                            <pose_matrix name="upperArm.L">0.547877 0.371036 0.749775 0.477390 0.386916 -0.907027 0.166127 0.826684 0.741706 0.199083 -0.640499 -0.212825 0.000000 0.000000 0.000000 1.000000</pose_matrix>
                            <pose_matrix name="lowerArm.L">0.987597 0.147891 -0.052724 0.000000 -0.135247 0.971881 0.192758 0.546237 0.079748 -0.183237 0.979829 0.000000 0.000000 0.000000 0.000000 1.000000</pose_matrix>
                            <pose_matrix name="hand.L">0.995867 0.018374 -0.088948 0.000000 -0.009437 0.994955 0.099876 0.498866 0.090335 -0.098624 0.991016 0.000000 0.000000 0.000000 0.000000 1.000000</pose_matrix>
                            <pose_matrix name="upperLeg.L">0.977073 0.113879 0.179834 0.184520 0.093715 -0.988712 0.116897 -0.365986 0.191117 -0.097365 -0.976726 -0.148761 0.000000 0.000000 0.000000 1.000000</pose_matrix>
                            <pose_matrix name="lowerLeg.L">0.987271 -0.145786 0.063575 0.000000 0.151177 0.736031 -0.659851 0.817256 0.049404 0.661063 0.748702 -0.000000 0.000000 0.000000 0.000000 1.000000</pose_matrix>
                            <pose_matrix name="foot.L">0.983990 0.128041 0.123973 -0.000000 -0.167535 0.427257 0.888473 0.985976 0.060793 -0.895018 0.441868 0.000000 0.000000 0.000000 0.000000 1.000000</pose_matrix>
                            <pose_matrix name="toe.L">0.929724 0.081173 0.359199 0.000000 -0.204152 0.925408 0.319284 0.302710 -0.306489 -0.370177 0.876945 0.000000 0.000000 0.000000 0.000000 1.000000</pose_matrix>
                            <pose_matrix name="upperArm.R">0.542672 -0.387638 -0.745147 -0.477390 -0.027446 -0.894848 0.445527 0.826684 -0.839496 -0.221324 -0.496248 -0.212825 0.000000 0.000000 0.000000 1.000000</pose_matrix>
                            <pose_matrix name="lowerArm.R">0.987597 -0.147891 0.052723 0.000000 0.135247 0.971881 0.192758 0.546237 -0.079748 -0.183237 0.979829 -0.000000 0.000000 0.000000 0.000000 1.000000</pose_matrix>
                            <pose_matrix name="hand.R">0.995867 -0.018374 0.088948 0.000000 0.009437 0.994955 0.099876 0.498865 -0.090334 -0.098624 0.991016 -0.000000 0.000000 0.000000 0.000000 1.000000</pose_matrix>
                            <pose_matrix name="upperLeg.R">0.977130 -0.113386 -0.179839 -0.184520 -0.188687 -0.852264 -0.487894 -0.365986 -0.097949 0.510675 -0.854176 -0.148761 0.000000 0.000000 0.000000 1.000000</pose_matrix>
                            <pose_matrix name="lowerLeg.R">0.989047 0.140237 -0.046041 0.000000 -0.139878 0.790946 -0.595684 0.817255 -0.047121 0.595599 0.801898 -0.000000 0.000000 0.000000 0.000000 1.000000</pose_matrix>
                            <pose_matrix name="foot.R">0.983990 -0.128041 -0.123973 -0.000000 0.167535 0.427256 0.888473 0.985976 -0.060793 -0.895018 0.441868 0.000000 0.000000 0.000000 0.000000 1.000000</pose_matrix>
                            <pose_matrix name="toe.R">0.929724 -0.081173 -0.359199 0.000000 0.204152 0.925408 0.319284 0.302711 0.306489 -0.370177 0.876946 -0.000000 0.000000 0.000000 0.000000 1.000000</pose_matrix>
                        </keyframe>
                        <keyframe time="0.375000">
                            <pose_matrix name="stomach">1.000000 0.000000 0.000000 0.000000 0.000000 0.000000 -1.000000 0.000000 0.000000 1.000000 0.000000 0.000000 0.000000 0.000000 0.000000 1.000000</pose_matrix>
                            <pose_matrix name="chest">1.000000 0.000000 0.000000 0.000000 -0.000000 0.972066 0.234710 0.509250 -0.000000 -0.234710 0.972066 0.000000 0.000000 0.000000 0.000000 1.000000</pose_matrix>
                            <pose_matrix name="neck">1.000000 -0.000000 0.000000 -0.000000 0.000000 0.930156 -0.367165 0.570118 0.000000 0.367165 0.930156 0.000000 0.000000 0.000000 0.000000 1.000000</pose_matrix>
                            <pose_matrix name="head">1.000000 0.000000 0.000000 -0.000000 -0.000000 0.999097 0.042488 0.134712 0.000000 -0.042488 0.999097 0.000000 0.000000 0.000000 0.000000 1.000000</pose_matrix>
                            <pose_matrix name="upperArm.L">0.547877 0.371036 0.749776 0.477390 0.284156 -0.925512 0.250364 0.826684 0.786820 0.075885 -0.612499 -0.212825 0.000000 0.000000 0.000000 1.000000</pose_matrix>
                            <pose_matrix name="lowerArm.L">0.987597 0.147891 -0.052724 -0.000000 -0.135247 0.971881 0.192758 0.546237 0.079748 -0.183237 0.979829 0.000000 0.000000 0.000000 0.000000 1.000000</pose_matrix>
                            <pose_matrix name="hand.L">0.995867 0.018374 -0.088948 -0.000000 -0.009437 0.994955 0.099876 0.498866 0.090334 -0.098624 0.991016 -0.000000 0.000000 0.000000 0.000000 1.000000</pose_matrix>
                            <pose_matrix name="upperLeg.L">0.977073 0.113879 0.179836 0.184520 0.171096 -0.922767 -0.345289 -0.365986 0.126625 0.368146 -0.921105 -0.148761 0.000000 0.000000 0.000000 1.000000</pose_matrix>
                            <pose_matrix name="lowerLeg.L">0.979102 -0.153169 0.133784 -0.000000 0.191595 0.474136 -0.859352 0.817255 0.068195 0.867026 0.493574 0.000000 0.000000 0.000000 0.000000 1.000000</pose_matrix>
                            <pose_matrix name="foot.L">0.983990 0.128041 0.123973 0.000000 -0.167535 0.427256 0.888473 0.985976 0.060793 -0.895018 0.441868 0.000000 0.000000 0.000000 0.000000 1.000000</pose_matrix>
                            <pose_matrix name="toe.L">0.929724 0.081173 0.359199 -0.000000 -0.204152 0.925408 0.319284 0.302710 -0.306489 -0.370177 0.876946 -0.000000 0.000000 0.000000 0.000000 1.000000</pose_matrix>
                            <pose_matrix name="upperArm.R">0.542672 -0.387638 -0.745147 -0.477390 -0.293974 -0.918683 0.263821 0.826684 -0.786821 0.075885 -0.612499 -0.212825 0.000000 0.000000 0.000000 1.000000</pose_matrix>
                            <pose_matrix name="lowerArm.R">0.987597 -0.147891 0.052723 -0.000000 0.135247 0.971881 0.192758 0.546237 -0.079748 -0.183237 0.979829 0.000000 0.000000 0.000000 0.000000 1.000000</pose_matrix>
                            <pose_matrix name="hand.R">0.995867 -0.018374 0.088948 -0.000000 0.009437 0.994955 0.099876 0.498865 -0.090334 -0.098624 0.991016 0.000000 0.000000 0.000000 0.000000 1.000000</pose_matrix>
                            <pose_matrix name="upperLeg.R">0.977130 -0.113386 -0.179837 -0.184520 -0.114250 -0.993436 0.005558 -0.365986 -0.179287 0.015116 -0.983681 -0.148761 0.000000 0.000000 0.000000 1.000000</pose_matrix>
                            <pose_matrix name="lowerLeg.R">0.996429 0.068548 0.049296 0.000000 -0.064410 0.994620 -0.081129 0.817255 -0.054592 0.077664 0.995484 0.000000 0.000000 0.000000 0.000000 1.000000</pose_matrix>
                            <pose_matrix name="foot.R">0.983990 -0.128041 -0.123973 0.000000 0.167535 0.427256 0.888473 0.985975 -0.060793 -0.895018 0.441868 0.000000 0.000000 0.000000 0.000000 1.000000</pose_matrix>
                            <pose_matrix name="toe.R">0.929724 -0.081173 -0.359199 -0.000000 0.204152 0.925408 0.319284 0.302710 0.306489 -0.370177 0.876946 0.000000 0.000000 0.000000 0.000000 1.000000</pose_matrix>
                        </keyframe>
                        <keyframe time="0.542000">
                            <pose_matrix name="stomach">1.000000 0.000000 0.000000 0.000000 0.000000 0.000000 -1.000000 0.000000 0.000000 1.000000 0.000000 0.066144 0.000000 0.000000 0.000000 1.000000</pose_matrix>
                            <pose_matrix name="chest">1.000000 0.000000 0.000000 0.000000 -0.000000 0.972066 0.234710 0.509250 -0.000000 -0.234710 0.972066 0.000000 0.000000 0.000000 0.000000 1.000000</pose_matrix>
                            <pose_matrix name="neck">0.999955 0.009383 -0.001313 -0.000000 -0.009210 0.930113 -0.367159 0.570118 -0.002224 0.367154 0.930157 -0.000000 0.000000 0.000000 0.000000 1.000000</pose_matrix>
                            <pose_matrix name="head">1.000000 0.000000 0.000000 -0.000000 -0.000000 0.999097 0.042488 0.134712 0.000000 -0.042488 0.999097 0.000000 0.000000 0.000000 0.000000 1.000000</pose_matrix>
                            <pose_matrix name="upperArm.L">0.547876 0.371036 0.749775 0.477390 0.110949 -0.920571 0.374484 0.826684 0.829169 -0.121984 -0.545526 -0.212825 0.000000 0.000000 0.000000 1.000000</pose_matrix>
                            <pose_matrix name="lowerArm.L">0.987597 0.147891 -0.052724 -0.000000 -0.135247 0.971881 0.192758 0.546237 0.079748 -0.183237 0.979829 0.000000 0.000000 0.000000 0.000000 1.000000</pose_matrix>
                            <pose_matrix name="hand.L">0.995867 0.018374 -0.088948 -0.000000 -0.009436 0.994955 0.099876 0.498866 0.090335 -0.098624 0.991016 -0.000000 0.000000 0.000000 0.000000 1.000000</pose_matrix>
                            <pose_matrix name="upperLeg.L">0.977073 0.113878 0.179836 0.184520 0.196847 -0.804869 -0.559852 -0.365986 0.080988 0.582423 -0.808841 -0.148761 0.000000 0.000000 0.000000 1.000000</pose_matrix>
                            <pose_matrix name="lowerLeg.L">0.979102 -0.153170 0.133784 0.000000 0.191595 0.474136 -0.859352 0.817256 0.068195 0.867026 0.493574 0.000000 0.000000 0.000000 0.000000 1.000000</pose_matrix>
                            <pose_matrix name="foot.L">0.983990 0.128041 0.123973 -0.000000 -0.167535 0.427257 0.888473 0.985976 0.060793 -0.895018 0.441868 -0.000000 0.000000 0.000000 0.000000 1.000000</pose_matrix>
                            <pose_matrix name="toe.L">0.929724 0.081173 0.359199 -0.000000 -0.204152 0.925408 0.319284 0.302710 -0.306489 -0.370177 0.876946 0.000000 0.000000 0.000000 0.000000 1.000000</pose_matrix>
                            <pose_matrix name="upperArm.R">0.542672 -0.387638 -0.745147 -0.477390 -0.420988 -0.893190 0.158057 0.826684 -0.726826 0.227924 -0.647900 -0.212825 0.000000 0.000000 0.000000 1.000000</pose_matrix>
                            <pose_matrix name="lowerArm.R">0.987597 -0.147891 0.052723 0.000000 0.135247 0.971881 0.192758 0.546237 -0.079748 -0.183237 0.979829 -0.000000 0.000000 0.000000 0.000000 1.000000</pose_matrix>
                            <pose_matrix name="hand.R">0.995867 -0.018374 0.088948 -0.000000 0.009437 0.994955 0.099876 0.498865 -0.090334 -0.098624 0.991016 0.000000 0.000000 0.000000 0.000000 1.000000</pose_matrix>
                            <pose_matrix name="upperLeg.R">0.977130 -0.113386 -0.179837 -0.184520 -0.084901 -0.983644 0.158852 -0.365986 -0.194907 -0.139952 -0.970785 -0.148761 0.000000 0.000000 0.000000 1.000000</pose_matrix>
                            <pose_matrix name="lowerLeg.R">0.996429 0.068548 0.049296 0.000000 -0.064410 0.994620 -0.081129 0.817255 -0.054592 0.077664 0.995484 -0.000000 0.000000 0.000000 0.000000 1.000000</pose_matrix>
                            <pose_matrix name="foot.R">0.983990 -0.128041 -0.123973 0.000000 0.167535 0.427256 0.888473 0.985976 -0.060793 -0.895018 0.441868 0.000000 0.000000 0.000000 0.000000 1.000000</pose_matrix>
                            <pose_matrix name="toe.R">0.929724 -0.081173 -0.359199 0.000000 0.204152 0.925408 0.319284 0.302710 0.306489 -0.370177 0.876946 0.000000 0.000000 0.000000 0.000000 1.000000</pose_matrix>
                        </keyframe>
                        <keyframe time="0.708000">
                            <pose_matrix name="stomach">1.000000 0.000000 0.000000 0.000000 0.000000 0.000000 -1.000000 0.000000 0.000000 1.000000 0.000000 0.000000 0.000000 0.000000 0.000000 1.000000</pose_matrix>
                            <pose_matrix name="chest">1.000000 0.000000 0.000000 0.000000 -0.000000 0.972066 0.234710 0.509250 -0.000000 -0.234710 0.972066 0.000000 0.000000 0.000000 0.000000 1.000000</pose_matrix>
                            <pose_matrix name="neck">0.998357 0.056740 -0.007940 -0.000000 -0.055692 0.928575 -0.366943 0.570118 -0.013447 0.366783 0.930209 0.000000 0.000000 0.000000 0.000000 1.000000</pose_matrix>
                            <pose_matrix name="head">1.000000 0.000000 0.000000 0.000000 -0.000000 0.999097 0.042488 0.134712 0.000000 -0.042488 0.999097 0.000000 0.000000 0.000000 0.000000 1.000000</pose_matrix>
                            <pose_matrix name="upperArm.L">0.542672 0.387638 0.745147 0.477390 -0.086061 -0.856808 0.508402 0.826684 0.835524 -0.340024 -0.431606 -0.212825 0.000000 0.000000 0.000000 1.000000</pose_matrix>
                            <pose_matrix name="lowerArm.L">0.987597 0.147891 -0.052724 -0.000000 -0.135247 0.971881 0.192758 0.546237 0.079748 -0.183237 0.979829 -0.000000 0.000000 0.000000 0.000000 1.000000</pose_matrix>
                            <pose_matrix name="hand.L">0.995867 0.018374 -0.088948 0.000000 -0.009437 0.994955 0.099876 0.498866 0.090335 -0.098624 0.991016 -0.000000 0.000000 0.000000 0.000000 1.000000</pose_matrix>
                            <pose_matrix name="upperLeg.L">0.977130 0.113386 0.179838 0.184520 0.171544 -0.920170 -0.351934 -0.365986 0.125577 0.374740 -0.918586 -0.148761 0.000000 0.000000 0.000000 1.000000</pose_matrix>
                            <pose_matrix name="lowerLeg.L">0.996429 -0.068548 -0.049295 0.000000 0.064410 0.994620 -0.081129 0.817255 0.054592 0.077664 0.995484 -0.000000 0.000000 0.000000 0.000000 1.000000</pose_matrix>
                            <pose_matrix name="foot.L">0.983990 0.128041 0.123973 -0.000000 -0.167535 0.427257 0.888473 0.985976 0.060793 -0.895018 0.441868 0.000000 0.000000 0.000000 0.000000 1.000000</pose_matrix>
                            <pose_matrix name="toe.L">0.929724 0.081173 0.359199 0.000000 -0.204152 0.925408 0.319284 0.302710 -0.306489 -0.370177 0.876946 0.000000 0.000000 0.000000 0.000000 1.000000</pose_matrix>
                            <pose_matrix name="upperArm.R">0.547876 -0.371037 -0.749776 -0.477390 -0.447373 -0.887285 0.112180 0.826684 -0.706887 0.273968 -0.652114 -0.212825 0.000000 0.000000 0.000000 1.000000</pose_matrix>
                            <pose_matrix name="lowerArm.R">0.987597 -0.147891 0.052723 -0.000000 0.135247 0.971881 0.192758 0.546237 -0.079748 -0.183237 0.979829 0.000000 0.000000 0.000000 0.000000 1.000000</pose_matrix>
                            <pose_matrix name="hand.R">0.995867 -0.018374 0.088948 0.000000 0.009437 0.994955 0.099876 0.498865 -0.090334 -0.098624 0.991016 0.000000 0.000000 0.000000 0.000000 1.000000</pose_matrix>
                            <pose_matrix name="upperLeg.R">0.977073 -0.113879 -0.179834 -0.184520 -0.058655 -0.956194 0.286795 -0.365986 -0.204616 -0.269674 -0.940961 -0.148761 0.000000 0.000000 0.000000 1.000000</pose_matrix>
                            <pose_matrix name="lowerLeg.R">0.996429 0.068548 0.049295 -0.000000 -0.064410 0.994620 -0.081129 0.817255 -0.054592 0.077664 0.995484 0.000000 0.000000 0.000000 0.000000 1.000000</pose_matrix>
                            <pose_matrix name="foot.R">0.983990 -0.128041 -0.123973 -0.000000 0.167535 0.427257 0.888473 0.985976 -0.060793 -0.895018 0.441868 0.000000 0.000000 0.000000 0.000000 1.000000</pose_matrix>
                            <pose_matrix name="toe.R">0.929724 -0.081173 -0.359199 0.000000 0.204152 0.925408 0.319284 0.302710 0.306489 -0.370177 0.876946 0.000000 0.000000 0.000000 0.000000 1.000000</pose_matrix>
                        </keyframe>
                        <keyframe time="0.917000">
                            <pose_matrix name="stomach">1.000000 0.000000 0.000000 0.000000 0.000000 0.000000 -1.000000 0.000000 0.000000 1.000000 0.000000 -0.066144 0.000000 0.000000 0.000000 1.000000</pose_matrix>
                            <pose_matrix name="chest">1.000000 0.000000 0.000000 0.000000 -0.000000 0.972066 0.234710 0.509250 -0.000000 -0.234710 0.972066 0.000000 0.000000 0.000000 0.000000 1.000000</pose_matrix>
                            <pose_matrix name="neck">0.999911 0.013210 -0.001849 0.000000 -0.012966 0.930070 -0.367153 0.570118 -0.003131 0.367144 0.930159 0.000000 0.000000 0.000000 0.000000 1.000000</pose_matrix>
                            <pose_matrix name="head">1.000000 0.000000 0.000000 -0.000000 -0.000000 0.999097 0.042488 0.134712 0.000000 -0.042488 0.999097 0.000000 0.000000 0.000000 0.000000 1.000000</pose_matrix>
                            <pose_matrix name="upperArm.L">0.542672 0.387638 0.745147 0.477390 0.027446 -0.894848 0.445527 0.826684 0.839496 -0.221324 -0.496248 -0.212825 0.000000 0.000000 0.000000 1.000000</pose_matrix>
                            <pose_matrix name="lowerArm.L">0.987597 0.147891 -0.052724 -0.000000 -0.135247 0.971881 0.192758 0.546237 0.079748 -0.183237 0.979829 -0.000000 0.000000 0.000000 0.000000 1.000000</pose_matrix>
                            <pose_matrix name="hand.L">0.995867 0.018374 -0.088948 0.000000 -0.009436 0.994955 0.099876 0.498866 0.090335 -0.098624 0.991016 -0.000000 0.000000 0.000000 0.000000 1.000000</pose_matrix>
                            <pose_matrix name="upperLeg.L">0.977130 0.113386 0.179839 0.184520 0.188687 -0.852264 -0.487894 -0.365986 0.097949 0.510675 -0.854176 -0.148761 0.000000 0.000000 0.000000 1.000000</pose_matrix>
                            <pose_matrix name="lowerLeg.L">0.989047 -0.140237 0.046041 -0.000000 0.139878 0.790946 -0.595684 0.817255 0.047121 0.595599 0.801898 -0.000000 0.000000 0.000000 0.000000 1.000000</pose_matrix>
                            <pose_matrix name="foot.L">0.983990 0.128041 0.123973 0.000000 -0.167535 0.427256 0.888473 0.985976 0.060793 -0.895018 0.441868 0.000000 0.000000 0.000000 0.000000 1.000000</pose_matrix>
                            <pose_matrix name="toe.L">0.929724 0.081173 0.359199 -0.000000 -0.204152 0.925408 0.319284 0.302711 -0.306489 -0.370177 0.876946 -0.000000 0.000000 0.000000 0.000000 1.000000</pose_matrix>
                            <pose_matrix name="upperArm.R">0.547877 -0.371037 -0.749776 -0.477390 -0.386916 -0.907027 0.166127 0.826684 -0.741706 0.199083 -0.640499 -0.212825 0.000000 0.000000 0.000000 1.000000</pose_matrix>
                            <pose_matrix name="lowerArm.R">0.987597 -0.147891 0.052724 0.000000 0.135247 0.971881 0.192758 0.546237 -0.079748 -0.183237 0.979829 0.000000 0.000000 0.000000 0.000000 1.000000</pose_matrix>
                            <pose_matrix name="hand.R">0.995867 -0.018374 0.088948 0.000000 0.009437 0.994955 0.099876 0.498865 -0.090334 -0.098624 0.991016 -0.000000 0.000000 0.000000 0.000000 1.000000</pose_matrix>
                            <pose_matrix name="upperLeg.R">0.977073 -0.113879 -0.179834 -0.184520 -0.093715 -0.988712 0.116897 -0.365986 -0.191117 -0.097365 -0.976726 -0.148761 0.000000 0.000000 0.000000 1.000000</pose_matrix>
                            <pose_matrix name="lowerLeg.R">0.987271 0.145786 -0.063575 -0.000000 -0.151177 0.736031 -0.659851 0.817256 -0.049404 0.661063 0.748702 -0.000000 0.000000 0.000000 0.000000 1.000000</pose_matrix>
                            <pose_matrix name="foot.R">0.983990 -0.128041 -0.123973 0.000000 0.167535 0.427257 0.888473 0.985976 -0.060793 -0.895018 0.441868 0.000000 0.000000 0.000000 0.000000 1.000000</pose_matrix>
                            <pose_matrix name="toe.R">0.929724 -0.081173 -0.359199 -0.000000 0.204152 0.925408 0.319284 0.302710 0.306489 -0.370177 0.876945 0.000000 0.000000 0.000000 0.000000 1.000000</pose_matrix>
                        </keyframe>
                        <keyframe time="1.083000">
                            <pose_matrix name="stomach">1.000000 0.000000 0.000000 0.000000 0.000000 0.000000 -1.000000 0.000000 0.000000 1.000000 0.000000 0.000000 0.000000 0.000000 0.000000 1.000000</pose_matrix>
                            <pose_matrix name="chest">1.000000 0.000000 0.000000 0.000000 -0.000000 0.972066 0.234710 0.509250 -0.000000 -0.234710 0.972066 0.000000 0.000000 0.000000 0.000000 1.000000</pose_matrix>
                            <pose_matrix name="neck">1.000000 -0.000000 0.000000 -0.000000 0.000000 0.930156 -0.367165 0.570118 0.000000 0.367165 0.930156 0.000000 0.000000 0.000000 0.000000 1.000000</pose_matrix>
                            <pose_matrix name="head">1.000000 0.000000 0.000000 -0.000000 -0.000000 0.999097 0.042488 0.134712 0.000000 -0.042488 0.999097 0.000000 0.000000 0.000000 0.000000 1.000000</pose_matrix>
                            <pose_matrix name="upperArm.L">0.542672 0.387638 0.745147 0.477390 0.293973 -0.918683 0.263821 0.826684 0.786820 0.075885 -0.612499 -0.212825 0.000000 0.000000 0.000000 1.000000</pose_matrix>
                            <pose_matrix name="lowerArm.L">0.987597 0.147891 -0.052724 -0.000000 -0.135247 0.971881 0.192758 0.546237 0.079748 -0.183237 0.979829 0.000000 0.000000 0.000000 0.000000 1.000000</pose_matrix>
                            <pose_matrix name="hand.L">0.995867 0.018374 -0.088948 0.000000 -0.009437 0.994955 0.099876 0.498866 0.090335 -0.098624 0.991016 -0.000000 0.000000 0.000000 0.000000 1.000000</pose_matrix>
                            <pose_matrix name="upperLeg.L">0.977130 0.113386 0.179837 0.184520 0.114250 -0.993436 0.005558 -0.365986 0.179287 0.015116 -0.983681 -0.148761 0.000000 0.000000 0.000000 1.000000</pose_matrix>
                            <pose_matrix name="lowerLeg.L">0.996429 -0.068548 -0.049296 -0.000000 0.064410 0.994620 -0.081129 0.817255 0.054592 0.077664 0.995484 0.000000 0.000000 0.000000 0.000000 1.000000</pose_matrix>
                            <pose_matrix name="foot.L">0.983990 0.128041 0.123973 -0.000000 -0.167535 0.427256 0.888473 0.985975 0.060793 -0.895018 0.441868 0.000000 0.000000 0.000000 0.000000 1.000000</pose_matrix>
                            <pose_matrix name="toe.L">0.929724 0.081173 0.359199 0.000000 -0.204152 0.925408 0.319284 0.302710 -0.306489 -0.370177 0.876946 0.000000 0.000000 0.000000 0.000000 1.000000</pose_matrix>
                            <pose_matrix name="upperArm.R">0.547877 -0.371037 -0.749776 -0.477390 -0.284156 -0.925513 0.250363 0.826684 -0.786821 0.075885 -0.612499 -0.212825 0.000000 0.000000 0.000000 1.000000</pose_matrix>
                            <pose_matrix name="lowerArm.R">0.987597 -0.147891 0.052723 0.000000 0.135247 0.971881 0.192758 0.546237 -0.079748 -0.183237 0.979829 0.000000 0.000000 0.000000 0.000000 1.000000</pose_matrix>
                            <pose_matrix name="hand.R">0.995867 -0.018374 0.088948 -0.000000 0.009437 0.994955 0.099876 0.498865 -0.090334 -0.098624 0.991016 0.000000 0.000000 0.000000 0.000000 1.000000</pose_matrix>
                            <pose_matrix name="upperLeg.R">0.977073 -0.113879 -0.179836 -0.184520 -0.171096 -0.922767 -0.345289 -0.365986 -0.126625 0.368146 -0.921105 -0.148761 0.000000 0.000000 0.000000 1.000000</pose_matrix>
                            <pose_matrix name="lowerLeg.R">0.979102 0.153169 -0.133784 0.000000 -0.191595 0.474136 -0.859352 0.817255 -0.068195 0.867026 0.493574 0.000000 0.000000 0.000000 0.000000 1.000000</pose_matrix>
                            <pose_matrix name="foot.R">0.983990 -0.128041 -0.123973 -0.000000 0.167535 0.427256 0.888473 0.985976 -0.060793 -0.895018 0.441868 0.000000 0.000000 0.000000 0.000000 1.000000</pose_matrix>
                            <pose_matrix name="toe.R">0.929724 -0.081173 -0.359199 0.000000 0.204152 0.925408 0.319284 0.302710 0.306489 -0.370177 0.876946 -0.000000 0.000000 0.000000 0.000000 1.000000</pose_matrix>
                        </keyframe>
                        <keyframe time="1.250000">
                            <pose_matrix name="stomach">1.000000 0.000000 0.000000 0.000000 0.000000 0.000000 -1.000000 0.000000 0.000000 1.000000 0.000000 0.066144 0.000000 0.000000 0.000000 1.000000</pose_matrix>
                            <pose_matrix name="chest">1.000000 0.000000 0.000000 0.000000 -0.000000 0.972066 0.234710 0.509250 -0.000000 -0.234710 0.972066 0.000000 0.000000 0.000000 0.000000 1.000000</pose_matrix>
                            <pose_matrix name="neck">0.999955 -0.009383 0.001313 -0.000000 0.009210 0.930113 -0.367159 0.570118 0.002224 0.367154 0.930157 -0.000000 0.000000 0.000000 0.000000 1.000000</pose_matrix>
                            <pose_matrix name="head">1.000000 0.000000 0.000000 0.000000 -0.000000 0.999097 0.042488 0.134712 0.000000 -0.042488 0.999097 0.000000 0.000000 0.000000 0.000000 1.000000</pose_matrix>
                            <pose_matrix name="upperArm.L">0.542672 0.387638 0.745147 0.477390 0.420987 -0.893189 0.158058 0.826684 0.726826 0.227924 -0.647900 -0.212825 0.000000 0.000000 0.000000 1.000000</pose_matrix>
                            <pose_matrix name="lowerArm.L">0.987597 0.147891 -0.052724 -0.000000 -0.135247 0.971881 0.192758 0.546237 0.079748 -0.183237 0.979829 -0.000000 0.000000 0.000000 0.000000 1.000000</pose_matrix>
                            <pose_matrix name="hand.L">0.995867 0.018374 -0.088948 0.000000 -0.009437 0.994955 0.099877 0.498866 0.090335 -0.098624 0.991016 0.000000 0.000000 0.000000 0.000000 1.000000</pose_matrix>
                            <pose_matrix name="upperLeg.L">0.977130 0.113386 0.179837 0.184520 0.084901 -0.983644 0.158852 -0.365986 0.194907 -0.139952 -0.970785 -0.148761 0.000000 0.000000 0.000000 1.000000</pose_matrix>
                            <pose_matrix name="lowerLeg.L">0.996429 -0.068548 -0.049296 -0.000000 0.064410 0.994620 -0.081129 0.817255 0.054592 0.077664 0.995484 -0.000000 0.000000 0.000000 0.000000 1.000000</pose_matrix>
                            <pose_matrix name="foot.L">0.983990 0.128041 0.123973 -0.000000 -0.167535 0.427256 0.888473 0.985976 0.060793 -0.895018 0.441868 0.000000 0.000000 0.000000 0.000000 1.000000</pose_matrix>
                            <pose_matrix name="toe.L">0.929724 0.081173 0.359199 -0.000000 -0.204152 0.925408 0.319284 0.302710 -0.306489 -0.370177 0.876946 0.000000 0.000000 0.000000 0.000000 1.000000</pose_matrix>
                            <pose_matrix name="upperArm.R">0.547877 -0.371037 -0.749776 -0.477390 -0.110950 -0.920572 0.374484 0.826684 -0.829170 -0.121984 -0.545526 -0.212825 0.000000 0.000000 0.000000 1.000000</pose_matrix>
                            <pose_matrix name="lowerArm.R">0.987597 -0.147891 0.052723 -0.000000 0.135247 0.971881 0.192758 0.546238 -0.079748 -0.183237 0.979829 0.000000 0.000000 0.000000 0.000000 1.000000</pose_matrix>
                            <pose_matrix name="hand.R">0.995867 -0.018374 0.088948 -0.000000 0.009437 0.994955 0.099876 0.498865 -0.090334 -0.098624 0.991016 -0.000000 0.000000 0.000000 0.000000 1.000000</pose_matrix>
                            <pose_matrix name="upperLeg.R">0.977073 -0.113878 -0.179836 -0.184520 -0.196847 -0.804869 -0.559852 -0.365986 -0.080988 0.582423 -0.808841 -0.148761 0.000000 0.000000 0.000000 1.000000</pose_matrix>
                            <pose_matrix name="lowerLeg.R">0.979102 0.153170 -0.133784 -0.000000 -0.191595 0.474136 -0.859352 0.817256 -0.068195 0.867026 0.493574 0.000000 0.000000 0.000000 0.000000 1.000000</pose_matrix>
                            <pose_matrix name="foot.R">0.983990 -0.128041 -0.123973 0.000000 0.167535 0.427257 0.888473 0.985976 -0.060793 -0.895018 0.441868 -0.000000 0.000000 0.000000 0.000000 1.000000</pose_matrix>
                            <pose_matrix name="toe.R">0.929724 -0.081173 -0.359199 0.000000 0.204152 0.925408 0.319284 0.302710 0.306489 -0.370177 0.876946 0.000000 0.000000 0.000000 0.000000 1.000000</pose_matrix>
                        </keyframe>
                        <keyframe time="1.417000">
                            <pose_matrix name="stomach">1.000000 0.000000 0.000000 0.000000 0.000000 0.000000 -1.000000 0.000000 0.000000 1.000000 0.000000 0.000000 0.000000 0.000000 0.000000 1.000000</pose_matrix>
                            <pose_matrix name="chest">1.000000 0.000000 0.000000 0.000000 -0.000000 0.972066 0.234710 0.509250 -0.000000 -0.234710 0.972066 0.000000 0.000000 0.000000 0.000000 1.000000</pose_matrix>
                            <pose_matrix name="neck">0.999479 -0.031959 0.004472 -0.000000 0.031369 0.929655 -0.367095 0.570118 0.007574 0.367044 0.930173 0.000000 0.000000 0.000000 0.000000 1.000000</pose_matrix>
                            <pose_matrix name="head">1.000000 0.000000 -0.000000 -0.000000 -0.000000 0.999097 0.042488 0.134712 -0.000000 -0.042488 0.999097 0.000000 0.000000 0.000000 0.000000 1.000000</pose_matrix>
                            <pose_matrix name="upperArm.L">0.547877 0.371036 0.749776 0.477390 0.447372 -0.887284 0.112180 0.826684 0.706887 0.273968 -0.652114 -0.212825 0.000000 0.000000 0.000000 1.000000</pose_matrix>
                            <pose_matrix name="lowerArm.L">0.987597 0.147891 -0.052724 -0.000000 -0.135247 0.971881 0.192758 0.546237 0.079748 -0.183237 0.979829 -0.000000 0.000000 0.000000 0.000000 1.000000</pose_matrix>
                            <pose_matrix name="hand.L">0.995867 0.018374 -0.088948 0.000000 -0.009436 0.994955 0.099876 0.498866 0.090334 -0.098624 0.991016 0.000000 0.000000 0.000000 0.000000 1.000000</pose_matrix>
                            <pose_matrix name="upperLeg.L">0.977073 0.113879 0.179834 0.184520 0.058655 -0.956194 0.286795 -0.365986 0.204616 -0.269674 -0.940961 -0.148761 0.000000 0.000000 0.000000 1.000000</pose_matrix>
                            <pose_matrix name="lowerLeg.L">0.996429 -0.068548 -0.049295 0.000000 0.064410 0.994620 -0.081129 0.817255 0.054592 0.077664 0.995484 0.000000 0.000000 0.000000 0.000000 1.000000</pose_matrix>
                            <pose_matrix name="foot.L">0.983990 0.128041 0.123973 0.000000 -0.167535 0.427257 0.888473 0.985976 0.060793 -0.895018 0.441868 0.000000 0.000000 0.000000 0.000000 1.000000</pose_matrix>
                            <pose_matrix name="toe.L">0.929724 0.081173 0.359199 -0.000000 -0.204152 0.925408 0.319284 0.302710 -0.306489 -0.370177 0.876946 0.000000 0.000000 0.000000 0.000000 1.000000</pose_matrix>
                            <pose_matrix name="upperArm.R">0.542673 -0.387638 -0.745147 -0.477390 0.086060 -0.856809 0.508402 0.826684 -0.835524 -0.340024 -0.431606 -0.212825 0.000000 0.000000 0.000000 1.000000</pose_matrix>
                            <pose_matrix name="lowerArm.R">0.987597 -0.147891 0.052723 -0.000000 0.135247 0.971881 0.192758 0.546237 -0.079748 -0.183237 0.979829 0.000000 0.000000 0.000000 0.000000 1.000000</pose_matrix>
                            <pose_matrix name="hand.R">0.995867 -0.018374 0.088948 0.000000 0.009437 0.994955 0.099876 0.498865 -0.090334 -0.098624 0.991016 -0.000000 0.000000 0.000000 0.000000 1.000000</pose_matrix>
                            <pose_matrix name="upperLeg.R">0.977130 -0.113386 -0.179838 -0.184520 -0.171544 -0.920170 -0.351934 -0.365986 -0.125577 0.374740 -0.918586 -0.148761 0.000000 0.000000 0.000000 1.000000</pose_matrix>
                            <pose_matrix name="lowerLeg.R">0.996429 0.068548 0.049295 -0.000000 -0.064410 0.994620 -0.081129 0.817255 -0.054592 0.077664 0.995484 -0.000000 0.000000 0.000000 0.000000 1.000000</pose_matrix>
                            <pose_matrix name="foot.R">0.983990 -0.128041 -0.123973 0.000000 0.167535 0.427257 0.888473 0.985976 -0.060793 -0.895018 0.441868 0.000000 0.000000 0.000000 0.000000 1.000000</pose_matrix>
                            <pose_matrix name="toe.R">0.929724 -0.081173 -0.359199 -0.000000 0.204152 0.925408 0.319284 0.302710 0.306489 -0.370177 0.876946 0.000000 0.000000 0.000000 0.000000 1.000000</pose_matrix>
                        </keyframe>
                    </animation>
                </animations>
            </mesh>
            
        </meshes>
        
        <point_lights>
            
            <point_light name="Lamp">
                <falloff_distance>29.999983</falloff_distance>
                <energy>1.000000</energy>
                <linear_attenuation>0.000000</linear_attenuation>
                <quadratic_attenuation>1.000000</quadratic_attenuation>
                <light_color>1.000000 1.000000 1.000000 1.0</light_color>
                <local_matrix>-0.290865 -0.771101 0.566393 4.076245 -0.055189 0.604525 0.794672 5.903862 0.955171 -0.199883 0.218391 1.005454 0.000000 0.000000 0.000000 1.000000</local_matrix>
            </point_light>
            
        </point_lights>
        
    </asset>
</UntoldEngine>

