<?xml version="1.0" encoding="utf-8"?>
<UntoldEngine xmlns="" version="0.0.1">
    <asset>
        <meshes>
            
            <mesh name="pele" vertex_count="5218" index_count="5218">
                <animations>
                    <modeler_animation_transform>1.000000 -0.000000 0.000000 -0.000000 -0.000000 0.000000 -1.000000 0.000000 0.000000 1.000000 0.000000 -0.000000 -0.000000 0.000000 -0.000000 1.000000</modeler_animation_transform>
                    
                    <animation name="walking" fps="24.000000">
                        <keyframe time="0.000000">
                            <pose_matrix name="stomach">1.000000 0.000000 0.000000 0.000000 0.000000 0.000000 -1.000000 0.000000 0.000000 1.000000 0.000000 -0.194527 0.000000 0.000000 0.000000 1.000000</pose_matrix>
                            <pose_matrix name="chest">1.000000 0.000000 0.000000 0.000000 0.000000 1.000000 0.000000 2.523677 0.000000 0.000000 1.000000 0.000000 0.000000 0.000000 0.000000 1.000000</pose_matrix>
                            <pose_matrix name="head">1.000000 0.000000 0.000000 0.000000 0.000000 1.000000 0.000000 2.542380 0.000000 0.000000 1.000000 0.000000 0.000000 0.000000 0.000000 1.000000</pose_matrix>
                            <pose_matrix name="shoulder.L">0.002855 0.998572 -0.053354 0.592326 -0.053354 0.053431 0.997145 2.026872 0.998572 -0.000000 0.053431 -0.835659 0.000000 0.000000 0.000000 1.000000</pose_matrix>
                            <pose_matrix name="upperArm.L">0.944384 0.300973 -0.132491 0.000000 0.097055 0.129850 0.986772 1.307507 0.314196 -0.944751 0.093418 -0.000001 0.000000 0.000000 0.000000 1.000000</pose_matrix>
                            <pose_matrix name="lowerArm.L">0.924953 0.377475 -0.044444 -0.000000 -0.376945 0.926018 0.020092 2.321185 0.048741 -0.001831 0.998810 0.000000 0.000000 0.000000 0.000000 1.000000</pose_matrix>
                            <pose_matrix name="shoulder.R">0.002855 -0.998571 0.053355 -0.592326 0.053355 0.053431 0.997145 2.026872 -0.998571 -0.000000 0.053431 -0.835659 0.000000 0.000000 0.000000 1.000000</pose_matrix>
                            <pose_matrix name="upperArm.R">0.987592 0.140562 -0.070033 -0.000000 0.053936 0.115235 0.991873 1.307507 0.147490 -0.983343 0.106224 0.000000 0.000000 0.000000 0.000000 1.000000</pose_matrix>
                            <pose_matrix name="lowerArm.R">0.996657 -0.080934 -0.011131 0.000000 0.080811 0.996667 -0.011132 2.321186 0.011994 0.010195 0.999876 0.000000 0.000000 0.000000 0.000000 1.000000</pose_matrix>
                            <pose_matrix name="upperLeg.L">0.999548 0.025848 0.025845 0.954478 0.013178 -0.914120 0.405231 -1.605162 0.034104 -0.404620 -0.913849 -0.472286 0.000000 0.000000 0.000000 1.000000</pose_matrix>
                            <pose_matrix name="lowerLeg.L">0.996623 -0.058073 -0.058050 -0.000000 0.058062 0.998311 -0.001875 4.164523 0.058061 -0.001502 0.998312 -0.000000 0.000000 0.000000 0.000000 1.000000</pose_matrix>
                            <pose_matrix name="foot.L">0.998958 -0.021963 0.040015 0.000000 -0.032283 0.279807 0.959513 4.306372 -0.032270 -0.959805 0.278807 0.000000 0.000000 0.000000 0.000000 1.000000</pose_matrix>
                            <pose_matrix name="upperLeg.R">0.999548 -0.025851 -0.025840 -0.954478 -0.030517 -0.979306 -0.200074 -1.605162 -0.020140 0.200729 -0.979440 -0.472286 0.000000 0.000000 0.000000 1.000000</pose_matrix>
                            <pose_matrix name="lowerLeg.R">0.996623 0.058073 0.058050 -0.000000 -0.058062 0.998311 -0.001875 4.164523 -0.058061 -0.001502 0.998312 -0.000000 0.000000 0.000000 0.000000 1.000000</pose_matrix>
                            <pose_matrix name="foot.R">0.998958 0.017996 -0.041949 0.000000 0.032282 0.371198 0.927993 4.306370 0.032272 -0.928380 0.370230 -0.000000 0.000000 0.000000 0.000000 1.000000</pose_matrix>
                        </keyframe>
                        <keyframe time="0.208000">
                            <pose_matrix name="stomach">1.000000 0.000000 0.000000 0.000000 0.000000 0.000000 -1.000000 0.000000 0.000000 1.000000 0.000000 -0.159646 0.000000 0.000000 0.000000 1.000000</pose_matrix>
                            <pose_matrix name="chest">1.000000 0.000000 0.000000 0.000000 0.000000 1.000000 0.000000 2.523677 0.000000 0.000000 1.000000 0.000000 0.000000 0.000000 0.000000 1.000000</pose_matrix>
                            <pose_matrix name="head">1.000000 0.000000 0.000000 0.000000 0.000000 1.000000 0.000000 2.542380 0.000000 0.000000 1.000000 0.000000 0.000000 0.000000 0.000000 1.000000</pose_matrix>
                            <pose_matrix name="shoulder.L">0.002855 0.998572 -0.053354 0.592326 -0.053354 0.053431 0.997145 2.026872 0.998572 -0.000000 0.053431 -0.835659 0.000000 0.000000 0.000000 1.000000</pose_matrix>
                            <pose_matrix name="upperArm.L">0.873177 0.445027 -0.198780 -0.000000 0.127042 0.185931 0.974315 1.307507 0.470556 -0.876002 0.105814 -0.000000 0.000000 0.000000 0.000000 1.000000</pose_matrix>
                            <pose_matrix name="lowerArm.L">0.804616 0.584387 -0.105288 0.000000 -0.579554 0.811475 0.075007 2.321185 0.129272 0.000669 0.991609 -0.000000 0.000000 0.000000 0.000000 1.000000</pose_matrix>
                            <pose_matrix name="shoulder.R">0.002855 -0.998571 0.053355 -0.592326 0.053355 0.053431 0.997145 2.026872 -0.998571 -0.000000 0.053431 -0.835659 0.000000 0.000000 0.000000 1.000000</pose_matrix>
                            <pose_matrix name="upperArm.R">0.929996 0.332750 -0.156153 0.000000 0.102564 0.173033 0.979561 1.307507 0.352969 -0.927004 0.126792 0.000001 0.000000 0.000000 0.000000 1.000000</pose_matrix>
                            <pose_matrix name="lowerArm.R">0.996657 -0.080934 -0.011131 -0.000000 0.080811 0.996667 -0.011132 2.321186 0.011994 0.010195 0.999876 0.000000 0.000000 0.000000 0.000000 1.000000</pose_matrix>
                            <pose_matrix name="upperLeg.L">0.999548 0.025849 0.025842 0.954478 0.024843 -0.998933 0.038943 -1.605162 0.026826 -0.038275 -0.998907 -0.472286 0.000000 0.000000 0.000000 1.000000</pose_matrix>
                            <pose_matrix name="lowerLeg.L">0.997134 -0.068776 -0.031513 0.000000 0.024934 0.692057 -0.721412 4.164523 0.071425 0.718559 0.691788 -0.000000 0.000000 0.000000 0.000000 1.000000</pose_matrix>
                            <pose_matrix name="foot.L">0.998958 -0.021035 0.040511 0.000000 -0.032283 0.301851 0.952809 4.306372 -0.032270 -0.953123 0.300857 -0.000000 0.000000 0.000000 0.000000 1.000000</pose_matrix>
                            <pose_matrix name="upperLeg.R">0.999548 -0.025852 -0.025839 -0.954478 -0.031790 -0.963758 -0.264877 -1.605162 -0.018063 0.265522 -0.963936 -0.472286 0.000000 0.000000 0.000000 1.000000</pose_matrix>
                            <pose_matrix name="lowerLeg.R">0.996696 0.064475 0.049407 0.000000 -0.047275 0.955055 -0.292634 4.164523 -0.066054 0.289332 0.954947 -0.000000 0.000000 0.000000 0.000000 1.000000</pose_matrix>
                            <pose_matrix name="foot.R">0.998958 0.018958 -0.041523 0.000000 0.032282 0.349708 0.936302 4.306370 0.032271 -0.936667 0.348731 0.000000 0.000000 0.000000 0.000000 1.000000</pose_matrix>
                        </keyframe>
                        <keyframe time="0.375000">
                            <pose_matrix name="stomach">1.000000 0.000000 0.000000 0.000000 0.000000 0.000000 -1.000000 0.000000 0.000000 1.000000 0.000000 0.000000 0.000000 0.000000 0.000000 1.000000</pose_matrix>
                            <pose_matrix name="chest">1.000000 0.000000 0.000000 0.000000 0.000000 1.000000 0.000000 2.523677 0.000000 0.000000 1.000000 0.000000 0.000000 0.000000 0.000000 1.000000</pose_matrix>
                            <pose_matrix name="head">1.000000 0.000000 0.000000 0.000000 0.000000 1.000000 0.000000 2.542380 0.000000 0.000000 1.000000 0.000000 0.000000 0.000000 0.000000 1.000000</pose_matrix>
                            <pose_matrix name="shoulder.L">0.002855 0.998572 -0.053354 0.592326 -0.053354 0.053431 0.997145 2.026872 0.998572 -0.000000 0.053431 -0.835659 0.000000 0.000000 0.000000 1.000000</pose_matrix>
                            <pose_matrix name="upperArm.L">0.954590 0.273772 -0.117505 0.000000 0.088099 0.117375 0.989172 1.307507 0.284600 -0.954606 0.087926 -0.000001 0.000000 0.000000 0.000000 1.000000</pose_matrix>
                            <pose_matrix name="lowerArm.L">0.996657 0.080934 0.011130 -0.000000 -0.080811 0.996667 -0.011131 2.321185 -0.011994 0.010194 0.999876 0.000000 0.000000 0.000000 0.000000 1.000000</pose_matrix>
                            <pose_matrix name="shoulder.R">0.002855 -0.998571 0.053355 -0.592326 0.053355 0.053431 0.997145 2.026872 -0.998571 -0.000000 0.053431 -0.835659 0.000000 0.000000 0.000000 1.000000</pose_matrix>
                            <pose_matrix name="upperArm.R">0.981915 0.169139 -0.085063 0.000000 0.065215 0.119631 0.990674 1.307507 0.177738 -0.978305 0.106437 0.000000 0.000000 0.000000 0.000000 1.000000</pose_matrix>
                            <pose_matrix name="lowerArm.R">0.996657 -0.080934 -0.011131 0.000000 0.080811 0.996667 -0.011132 2.321186 0.011994 0.010195 0.999876 -0.000000 0.000000 0.000000 0.000000 1.000000</pose_matrix>
                            <pose_matrix name="upperLeg.L">0.999548 0.025852 0.025838 0.954478 0.033043 -0.941372 -0.335749 -1.605162 0.015652 0.336378 -0.941597 -0.472286 0.000000 0.000000 0.000000 1.000000</pose_matrix>
                            <pose_matrix name="lowerLeg.L">0.997933 -0.063037 -0.012537 0.000000 0.001238 0.213884 -0.976858 4.164523 0.064259 0.974823 0.213520 -0.000000 0.000000 0.000000 0.000000 1.000000</pose_matrix>
                            <pose_matrix name="foot.L">0.998958 -0.019811 0.041123 0.000000 -0.032283 0.330285 0.943329 4.306371 -0.032271 -0.943674 0.329301 0.000000 0.000000 0.000000 0.000000 1.000000</pose_matrix>
                            <pose_matrix name="upperLeg.R">0.999548 -0.025850 -0.025842 -0.954478 -0.024572 -0.998495 0.049030 -1.605162 -0.027076 -0.048363 -0.998463 -0.472286 0.000000 0.000000 0.000000 1.000000</pose_matrix>
                            <pose_matrix name="lowerLeg.R">0.996623 0.058073 0.058050 0.000000 -0.058062 0.998311 -0.001875 4.164523 -0.058061 -0.001502 0.998312 0.000000 0.000000 0.000000 0.000000 1.000000</pose_matrix>
                            <pose_matrix name="foot.R">0.998958 0.020194 -0.040936 0.000000 0.032282 0.321476 0.946367 4.306370 0.032270 -0.946702 0.320489 -0.000000 0.000000 0.000000 0.000000 1.000000</pose_matrix>
                        </keyframe>
                        <keyframe time="0.542000">
                            <pose_matrix name="stomach">1.000000 0.000000 0.000000 0.000000 0.000000 0.000000 -1.000000 0.000000 0.000000 1.000000 0.000000 0.100000 0.000000 0.000000 0.000000 1.000000</pose_matrix>
                            <pose_matrix name="chest">1.000000 0.000000 0.000000 0.000000 0.000000 1.000000 0.000000 2.523677 0.000000 0.000000 1.000000 0.000000 0.000000 0.000000 0.000000 1.000000</pose_matrix>
                            <pose_matrix name="head">1.000000 0.000000 0.000000 0.000000 0.000000 1.000000 0.000000 2.542380 0.000000 0.000000 1.000000 0.000000 0.000000 0.000000 0.000000 1.000000</pose_matrix>
                            <pose_matrix name="shoulder.L">0.002855 0.998572 -0.053354 0.592326 -0.053354 0.053431 0.997145 2.026872 0.998572 -0.000000 0.053431 -0.835659 0.000000 0.000000 0.000000 1.000000</pose_matrix>
                            <pose_matrix name="upperArm.L">0.998446 0.053125 -0.016816 -0.000000 0.011068 0.106704 0.994229 1.307507 0.054613 -0.992871 0.105950 -0.000001 0.000000 0.000000 0.000000 1.000000</pose_matrix>
                            <pose_matrix name="lowerArm.L">0.996657 0.080934 0.011130 0.000000 -0.080811 0.996667 -0.011131 2.321186 -0.011994 0.010194 0.999876 -0.000000 0.000000 0.000000 0.000000 1.000000</pose_matrix>
                            <pose_matrix name="shoulder.R">0.002855 -0.998571 0.053355 -0.592326 0.053355 0.053431 0.997145 2.026872 -0.998571 -0.000000 0.053431 -0.835659 0.000000 0.000000 0.000000 1.000000</pose_matrix>
                            <pose_matrix name="upperArm.R">0.998455 -0.053201 0.016063 0.000000 -0.011083 0.092614 0.995640 1.307507 -0.054457 -0.994280 0.091881 -0.000000 0.000000 0.000000 0.000000 1.000000</pose_matrix>
                            <pose_matrix name="lowerArm.R">0.996657 -0.080934 -0.011131 0.000000 0.080811 0.996667 -0.011132 2.321186 0.011994 0.010195 0.999876 0.000000 0.000000 0.000000 0.000000 1.000000</pose_matrix>
                            <pose_matrix name="upperLeg.L">0.999548 0.025853 0.025838 0.954478 0.034723 -0.892612 -0.449488 -1.605162 0.011451 0.450084 -0.892913 -0.472286 0.000000 0.000000 0.000000 1.000000</pose_matrix>
                            <pose_matrix name="lowerLeg.L">0.997568 -0.066727 -0.020126 0.000000 0.010713 0.432137 -0.901744 4.164523 0.068868 0.899336 0.431801 -0.000000 0.000000 0.000000 0.000000 1.000000</pose_matrix>
                            <pose_matrix name="foot.L">0.998958 -0.018592 0.041689 -0.000000 -0.032283 0.357921 0.933194 4.306370 -0.032272 -0.933567 0.356948 0.000000 0.000000 0.000000 0.000000 1.000000</pose_matrix>
                            <pose_matrix name="upperLeg.R">0.999548 -0.025849 -0.025845 -0.954478 -0.014629 -0.930638 0.365649 -1.605162 -0.033508 -0.365027 -0.930394 -0.472286 0.000000 0.000000 0.000000 1.000000</pose_matrix>
                            <pose_matrix name="lowerLeg.R">0.996623 0.058073 0.058050 -0.000000 -0.058062 0.998311 -0.001875 4.164523 -0.058061 -0.001502 0.998312 -0.000000 0.000000 0.000000 0.000000 1.000000</pose_matrix>
                            <pose_matrix name="foot.R">0.998958 0.017883 -0.041997 0.000000 0.032282 0.373705 0.926986 4.306371 0.032271 -0.927375 0.372738 -0.000001 0.000000 0.000000 0.000000 1.000000</pose_matrix>
                        </keyframe>
                        <keyframe time="0.708000">
                            <pose_matrix name="stomach">1.000000 0.000000 0.000000 0.000000 0.000000 0.000000 -1.000000 0.000000 0.000000 1.000000 0.000000 -0.194527 0.000000 0.000000 0.000000 1.000000</pose_matrix>
                            <pose_matrix name="chest">1.000000 0.000000 0.000000 0.000000 0.000000 1.000000 0.000000 2.523677 0.000000 0.000000 1.000000 0.000000 0.000000 0.000000 0.000000 1.000000</pose_matrix>
                            <pose_matrix name="head">1.000000 0.000000 0.000000 0.000000 0.000000 1.000000 0.000000 2.542380 0.000000 0.000000 1.000000 0.000000 0.000000 0.000000 0.000000 1.000000</pose_matrix>
                            <pose_matrix name="shoulder.L">0.002855 0.998572 -0.053354 0.592326 -0.053354 0.053431 0.997145 2.026872 0.998572 -0.000000 0.053431 -0.835659 0.000000 0.000000 0.000000 1.000000</pose_matrix>
                            <pose_matrix name="upperArm.L">0.987592 -0.140563 0.070033 0.000000 -0.053936 0.115236 0.991873 1.307507 -0.147491 -0.983343 0.106224 -0.000001 0.000000 0.000000 0.000000 1.000000</pose_matrix>
                            <pose_matrix name="lowerArm.L">0.996657 0.080934 0.011130 -0.000000 -0.080811 0.996667 -0.011131 2.321185 -0.011994 0.010194 0.999876 -0.000000 0.000000 0.000000 0.000000 1.000000</pose_matrix>
                            <pose_matrix name="shoulder.R">0.002855 -0.998571 0.053355 -0.592326 0.053355 0.053431 0.997145 2.026872 -0.998571 -0.000000 0.053431 -0.835659 0.000000 0.000000 0.000000 1.000000</pose_matrix>
                            <pose_matrix name="upperArm.R">0.944384 -0.300974 0.132491 -0.000000 -0.097055 0.129850 0.986772 1.307507 -0.314196 -0.944751 0.093417 0.000000 0.000000 0.000000 0.000000 1.000000</pose_matrix>
                            <pose_matrix name="lowerArm.R">0.924953 -0.377475 0.044444 0.000000 0.376945 0.926018 0.020092 2.321186 -0.048740 -0.001831 0.998810 -0.000000 0.000000 0.000000 0.000000 1.000000</pose_matrix>
                            <pose_matrix name="upperLeg.L">0.999548 0.025851 0.025840 0.954478 0.030517 -0.979306 -0.200074 -1.605162 0.020140 0.200729 -0.979440 -0.472286 0.000000 0.000000 0.000000 1.000000</pose_matrix>
                            <pose_matrix name="lowerLeg.L">0.996623 -0.058073 -0.058050 0.000000 0.058062 0.998311 -0.001875 4.164523 0.058061 -0.001502 0.998312 -0.000000 0.000000 0.000000 0.000000 1.000000</pose_matrix>
                            <pose_matrix name="foot.L">0.998958 -0.017996 0.041950 -0.000000 -0.032283 0.371198 0.927993 4.306370 -0.032272 -0.928380 0.370230 -0.000000 0.000000 0.000000 0.000000 1.000000</pose_matrix>
                            <pose_matrix name="upperLeg.R">0.999548 -0.025848 -0.025845 -0.954478 -0.013178 -0.914120 0.405231 -1.605162 -0.034104 -0.404620 -0.913849 -0.472286 0.000000 0.000000 0.000000 1.000000</pose_matrix>
                            <pose_matrix name="lowerLeg.R">0.996623 0.058073 0.058050 0.000000 -0.058062 0.998311 -0.001875 4.164523 -0.058061 -0.001502 0.998312 -0.000000 0.000000 0.000000 0.000000 1.000000</pose_matrix>
                            <pose_matrix name="foot.R">0.998958 0.021963 -0.040014 -0.000000 0.032283 0.279807 0.959513 4.306372 0.032270 -0.959805 0.278807 0.000000 0.000000 0.000000 0.000000 1.000000</pose_matrix>
                        </keyframe>
                        <keyframe time="0.917000">
                            <pose_matrix name="stomach">1.000000 0.000000 0.000000 0.000000 0.000000 0.000000 -1.000000 0.000000 0.000000 1.000000 0.000000 -0.159646 0.000000 0.000000 0.000000 1.000000</pose_matrix>
                            <pose_matrix name="chest">1.000000 0.000000 0.000000 0.000000 0.000000 1.000000 0.000000 2.523677 0.000000 0.000000 1.000000 0.000000 0.000000 0.000000 0.000000 1.000000</pose_matrix>
                            <pose_matrix name="head">1.000000 0.000000 0.000000 0.000000 0.000000 1.000000 0.000000 2.542380 0.000000 0.000000 1.000000 0.000000 0.000000 0.000000 0.000000 1.000000</pose_matrix>
                            <pose_matrix name="shoulder.L">0.002855 0.998572 -0.053354 0.592326 -0.053354 0.053431 0.997145 2.026872 0.998572 -0.000000 0.053431 -0.835659 0.000000 0.000000 0.000000 1.000000</pose_matrix>
                            <pose_matrix name="upperArm.L">0.929996 -0.332751 0.156153 -0.000000 -0.102564 0.173034 0.979561 1.307507 -0.352970 -0.927004 0.126792 -0.000000 0.000000 0.000000 0.000000 1.000000</pose_matrix>
                            <pose_matrix name="lowerArm.L">0.996657 0.080934 0.011130 -0.000000 -0.080811 0.996667 -0.011131 2.321185 -0.011994 0.010194 0.999876 0.000000 0.000000 0.000000 0.000000 1.000000</pose_matrix>
                            <pose_matrix name="shoulder.R">0.002855 -0.998571 0.053355 -0.592326 0.053355 0.053431 0.997145 2.026872 -0.998571 -0.000000 0.053431 -0.835659 0.000000 0.000000 0.000000 1.000000</pose_matrix>
                            <pose_matrix name="upperArm.R">0.873176 -0.445027 0.198780 0.000000 -0.127042 0.185931 0.974315 1.307507 -0.470556 -0.876002 0.105813 0.000001 0.000000 0.000000 0.000000 1.000000</pose_matrix>
                            <pose_matrix name="lowerArm.R">0.804616 -0.584387 0.105288 0.000000 0.579554 0.811475 0.075006 2.321186 -0.129271 0.000669 0.991609 -0.000000 0.000000 0.000000 0.000000 1.000000</pose_matrix>
                            <pose_matrix name="upperLeg.L">0.999548 0.025852 0.025839 0.954478 0.031790 -0.963758 -0.264877 -1.605162 0.018063 0.265522 -0.963936 -0.472286 0.000000 0.000000 0.000000 1.000000</pose_matrix>
                            <pose_matrix name="lowerLeg.L">0.996696 -0.064475 -0.049407 -0.000000 0.047275 0.955055 -0.292634 4.164523 0.066054 0.289332 0.954947 -0.000000 0.000000 0.000000 0.000000 1.000000</pose_matrix>
                            <pose_matrix name="foot.L">0.998958 -0.018958 0.041524 -0.000000 -0.032283 0.349708 0.936302 4.306370 -0.032271 -0.936667 0.348731 0.000000 0.000000 0.000000 0.000000 1.000000</pose_matrix>
                            <pose_matrix name="upperLeg.R">0.999548 -0.025849 -0.025842 -0.954478 -0.024843 -0.998933 0.038943 -1.605162 -0.026826 -0.038275 -0.998907 -0.472286 0.000000 0.000000 0.000000 1.000000</pose_matrix>
                            <pose_matrix name="lowerLeg.R">0.997134 0.068776 0.031513 -0.000000 -0.024934 0.692057 -0.721412 4.164523 -0.071425 0.718559 0.691788 -0.000000 0.000000 0.000000 0.000000 1.000000</pose_matrix>
                            <pose_matrix name="foot.R">0.998958 0.021035 -0.040510 -0.000000 0.032283 0.301851 0.952809 4.306372 0.032270 -0.953123 0.300857 -0.000000 0.000000 0.000000 0.000000 1.000000</pose_matrix>
                        </keyframe>
                        <keyframe time="1.083000">
                            <pose_matrix name="stomach">1.000000 0.000000 0.000000 0.000000 0.000000 0.000000 -1.000000 0.000000 0.000000 1.000000 0.000000 0.000000 0.000000 0.000000 0.000000 1.000000</pose_matrix>
                            <pose_matrix name="chest">1.000000 0.000000 0.000000 0.000000 0.000000 1.000000 0.000000 2.523677 0.000000 0.000000 1.000000 0.000000 0.000000 0.000000 0.000000 1.000000</pose_matrix>
                            <pose_matrix name="head">1.000000 0.000000 0.000000 0.000000 0.000000 1.000000 0.000000 2.542380 0.000000 0.000000 1.000000 0.000000 0.000000 0.000000 0.000000 1.000000</pose_matrix>
                            <pose_matrix name="shoulder.L">0.002855 0.998572 -0.053354 0.592326 -0.053354 0.053431 0.997145 2.026872 0.998572 -0.000000 0.053431 -0.835659 0.000000 0.000000 0.000000 1.000000</pose_matrix>
                            <pose_matrix name="upperArm.L">0.981915 -0.169139 0.085063 0.000000 -0.065215 0.119631 0.990674 1.307507 -0.177738 -0.978305 0.106437 -0.000001 0.000000 0.000000 0.000000 1.000000</pose_matrix>
                            <pose_matrix name="lowerArm.L">0.996657 0.080934 0.011130 0.000000 -0.080811 0.996667 -0.011131 2.321185 -0.011994 0.010194 0.999876 -0.000000 0.000000 0.000000 0.000000 1.000000</pose_matrix>
                            <pose_matrix name="shoulder.R">0.002855 -0.998571 0.053355 -0.592326 0.053355 0.053431 0.997145 2.026872 -0.998571 -0.000000 0.053431 -0.835659 0.000000 0.000000 0.000000 1.000000</pose_matrix>
                            <pose_matrix name="upperArm.R">0.954589 -0.273773 0.117505 0.000000 -0.088099 0.117375 0.989172 1.307507 -0.284601 -0.954605 0.087925 0.000000 0.000000 0.000000 0.000000 1.000000</pose_matrix>
                            <pose_matrix name="lowerArm.R">0.996657 -0.080934 -0.011131 -0.000000 0.080811 0.996667 -0.011132 2.321186 0.011994 0.010195 0.999876 -0.000000 0.000000 0.000000 0.000000 1.000000</pose_matrix>
                            <pose_matrix name="upperLeg.L">0.999548 0.025850 0.025842 0.954478 0.024572 -0.998495 0.049030 -1.605162 0.027076 -0.048363 -0.998463 -0.472286 0.000000 0.000000 0.000000 1.000000</pose_matrix>
                            <pose_matrix name="lowerLeg.L">0.996623 -0.058073 -0.058050 -0.000000 0.058062 0.998311 -0.001875 4.164523 0.058061 -0.001502 0.998312 0.000000 0.000000 0.000000 0.000000 1.000000</pose_matrix>
                            <pose_matrix name="foot.L">0.998958 -0.020194 0.040937 -0.000000 -0.032283 0.321476 0.946367 4.306370 -0.032271 -0.946702 0.320489 -0.000000 0.000000 0.000000 0.000000 1.000000</pose_matrix>
                            <pose_matrix name="upperLeg.R">0.999548 -0.025852 -0.025838 -0.954478 -0.033043 -0.941372 -0.335749 -1.605162 -0.015652 0.336378 -0.941597 -0.472286 0.000000 0.000000 0.000000 1.000000</pose_matrix>
                            <pose_matrix name="lowerLeg.R">0.997933 0.063037 0.012537 -0.000000 -0.001238 0.213884 -0.976858 4.164523 -0.064259 0.974823 0.213520 -0.000000 0.000000 0.000000 0.000000 1.000000</pose_matrix>
                            <pose_matrix name="foot.R">0.998958 0.019811 -0.041122 -0.000000 0.032282 0.330285 0.943329 4.306371 0.032271 -0.943674 0.329301 0.000000 0.000000 0.000000 0.000000 1.000000</pose_matrix>
                        </keyframe>
                        <keyframe time="1.250000">
                            <pose_matrix name="stomach">1.000000 0.000000 0.000000 0.000000 0.000000 0.000000 -1.000000 0.000000 0.000000 1.000000 0.000000 0.100000 0.000000 0.000000 0.000000 1.000000</pose_matrix>
                            <pose_matrix name="chest">1.000000 0.000000 0.000000 0.000000 0.000000 1.000000 0.000000 2.523677 0.000000 0.000000 1.000000 0.000000 0.000000 0.000000 0.000000 1.000000</pose_matrix>
                            <pose_matrix name="head">1.000000 0.000000 0.000000 0.000000 0.000000 1.000000 0.000000 2.542380 0.000000 0.000000 1.000000 0.000000 0.000000 0.000000 0.000000 1.000000</pose_matrix>
                            <pose_matrix name="shoulder.L">0.002855 0.998572 -0.053354 0.592326 -0.053354 0.053431 0.997145 2.026872 0.998572 -0.000000 0.053431 -0.835659 0.000000 0.000000 0.000000 1.000000</pose_matrix>
                            <pose_matrix name="upperArm.L">0.998455 0.053201 -0.016063 -0.000000 0.011083 0.092615 0.995640 1.307507 0.054456 -0.994280 0.091882 -0.000001 0.000000 0.000000 0.000000 1.000000</pose_matrix>
                            <pose_matrix name="lowerArm.L">0.996657 0.080934 0.011130 0.000000 -0.080811 0.996667 -0.011131 2.321185 -0.011994 0.010194 0.999876 -0.000000 0.000000 0.000000 0.000000 1.000000</pose_matrix>
                            <pose_matrix name="shoulder.R">0.002855 -0.998571 0.053355 -0.592326 0.053355 0.053431 0.997145 2.026872 -0.998571 -0.000000 0.053431 -0.835659 0.000000 0.000000 0.000000 1.000000</pose_matrix>
                            <pose_matrix name="upperArm.R">0.998446 -0.053126 0.016816 0.000000 -0.011068 0.106703 0.994229 1.307507 -0.054614 -0.992871 0.105949 -0.000000 0.000000 0.000000 0.000000 1.000000</pose_matrix>
                            <pose_matrix name="lowerArm.R">0.996657 -0.080934 -0.011131 -0.000000 0.080811 0.996667 -0.011132 2.321186 0.011994 0.010195 0.999876 -0.000000 0.000000 0.000000 0.000000 1.000000</pose_matrix>
                            <pose_matrix name="upperLeg.L">0.999548 0.025849 0.025845 0.954478 0.014629 -0.930638 0.365649 -1.605162 0.033508 -0.365027 -0.930394 -0.472286 0.000000 0.000000 0.000000 1.000000</pose_matrix>
                            <pose_matrix name="lowerLeg.L">0.996623 -0.058073 -0.058050 0.000000 0.058062 0.998311 -0.001875 4.164523 0.058061 -0.001502 0.998312 -0.000000 0.000000 0.000000 0.000000 1.000000</pose_matrix>
                            <pose_matrix name="foot.L">0.998958 -0.017883 0.041998 -0.000000 -0.032282 0.373705 0.926986 4.306371 -0.032272 -0.927375 0.372738 -0.000001 0.000000 0.000000 0.000000 1.000000</pose_matrix>
                            <pose_matrix name="upperLeg.R">0.999548 -0.025853 -0.025838 -0.954478 -0.034723 -0.892612 -0.449488 -1.605162 -0.011451 0.450084 -0.892913 -0.472286 0.000000 0.000000 0.000000 1.000000</pose_matrix>
                            <pose_matrix name="lowerLeg.R">0.997568 0.066727 0.020126 -0.000000 -0.010713 0.432137 -0.901744 4.164523 -0.068868 0.899336 0.431801 -0.000000 0.000000 0.000000 0.000000 1.000000</pose_matrix>
                            <pose_matrix name="foot.R">0.998958 0.018592 -0.041688 0.000000 0.032282 0.357921 0.933194 4.306370 0.032271 -0.933567 0.356948 0.000000 0.000000 0.000000 0.000000 1.000000</pose_matrix>
                        </keyframe>
                        <keyframe time="1.417000">
                            <pose_matrix name="stomach">1.000000 0.000000 0.000000 0.000000 0.000000 0.000000 -1.000000 0.000000 0.000000 1.000000 0.000000 -0.194527 0.000000 0.000000 0.000000 1.000000</pose_matrix>
                            <pose_matrix name="chest">1.000000 0.000000 0.000000 0.000000 0.000000 1.000000 0.000000 2.523677 0.000000 0.000000 1.000000 0.000000 0.000000 0.000000 0.000000 1.000000</pose_matrix>
                            <pose_matrix name="head">1.000000 0.000000 0.000000 0.000000 0.000000 1.000000 0.000000 2.542380 0.000000 0.000000 1.000000 0.000000 0.000000 0.000000 0.000000 1.000000</pose_matrix>
                            <pose_matrix name="shoulder.L">0.002855 0.998572 -0.053354 0.592326 -0.053354 0.053431 0.997145 2.026872 0.998572 -0.000000 0.053431 -0.835659 0.000000 0.000000 0.000000 1.000000</pose_matrix>
                            <pose_matrix name="upperArm.L">0.944384 0.300973 -0.132491 0.000000 0.097055 0.129850 0.986772 1.307507 0.314196 -0.944751 0.093418 -0.000001 0.000000 0.000000 0.000000 1.000000</pose_matrix>
                            <pose_matrix name="lowerArm.L">0.924953 0.377475 -0.044444 -0.000000 -0.376945 0.926018 0.020092 2.321185 0.048741 -0.001831 0.998810 0.000000 0.000000 0.000000 0.000000 1.000000</pose_matrix>
                            <pose_matrix name="shoulder.R">0.002855 -0.998571 0.053355 -0.592326 0.053355 0.053431 0.997145 2.026872 -0.998571 -0.000000 0.053431 -0.835659 0.000000 0.000000 0.000000 1.000000</pose_matrix>
                            <pose_matrix name="upperArm.R">0.987592 0.140562 -0.070033 -0.000000 0.053936 0.115235 0.991873 1.307507 0.147490 -0.983343 0.106224 0.000000 0.000000 0.000000 0.000000 1.000000</pose_matrix>
                            <pose_matrix name="lowerArm.R">0.996657 -0.080934 -0.011131 0.000000 0.080811 0.996667 -0.011132 2.321186 0.011994 0.010195 0.999876 0.000000 0.000000 0.000000 0.000000 1.000000</pose_matrix>
                            <pose_matrix name="upperLeg.L">0.999548 0.025848 0.025845 0.954478 0.013178 -0.914120 0.405231 -1.605162 0.034104 -0.404620 -0.913849 -0.472286 0.000000 0.000000 0.000000 1.000000</pose_matrix>
                            <pose_matrix name="lowerLeg.L">0.996623 -0.058073 -0.058050 -0.000000 0.058062 0.998311 -0.001875 4.164523 0.058061 -0.001502 0.998312 -0.000000 0.000000 0.000000 0.000000 1.000000</pose_matrix>
                            <pose_matrix name="foot.L">0.998958 -0.021963 0.040015 0.000000 -0.032283 0.279807 0.959513 4.306372 -0.032270 -0.959805 0.278807 0.000000 0.000000 0.000000 0.000000 1.000000</pose_matrix>
                            <pose_matrix name="upperLeg.R">0.999548 -0.025851 -0.025840 -0.954478 -0.030517 -0.979306 -0.200074 -1.605162 -0.020140 0.200729 -0.979440 -0.472286 0.000000 0.000000 0.000000 1.000000</pose_matrix>
                            <pose_matrix name="lowerLeg.R">0.996623 0.058073 0.058050 -0.000000 -0.058062 0.998311 -0.001875 4.164523 -0.058061 -0.001502 0.998312 -0.000000 0.000000 0.000000 0.000000 1.000000</pose_matrix>
                            <pose_matrix name="foot.R">0.998958 0.017996 -0.041949 0.000000 0.032282 0.371198 0.927993 4.306370 0.032272 -0.928380 0.370230 -0.000000 0.000000 0.000000 0.000000 1.000000</pose_matrix>
                        </keyframe>
                    </animation>
                </animations>
            </mesh>
            
        </meshes>
        
        <point_lights>
            
            <point_light name="Lamp">
                <falloff_distance>29.999983</falloff_distance>
                <energy>1.000000</energy>
                <linear_attenuation>0.000000</linear_attenuation>
                <quadratic_attenuation>1.000000</quadratic_attenuation>
                <light_color>1.000000 1.000000 1.000000 1.0</light_color>
                <local_matrix>-0.290865 -0.771101 0.566393 4.076245 -0.055189 0.604525 0.794672 5.903862 -0.955171 0.199883 -0.218391 -1.005453 0.000000 0.000000 0.000000 1.000000</local_matrix>
            </point_light>
            
        </point_lights>
        
    </asset>
</UntoldEngine>

