<?xml version="1.0" encoding="utf-8"?>
<UntoldEngine xmlns="" version="0.0.1">
    <asset>
        <meshes>
            <mesh name="guardian" vertex_count="7260" index_count="7260">
                <animations>
                    <modeler_animation_transform>1.000000 0.000000 -0.000000 0.000000 0.000000 -0.000000 1.000000 -0.000000 -0.000000 1.000000 0.000000 -0.000000 0.000000 -0.000000 0.000000 1.000000</modeler_animation_transform>
                    
                    <animation name="walking" fps="24.000000">
                        <keyframe time="0.000000">
                            <pose_matrix name="stomach">1.000000 0.000000 0.000000 0.000000 0.000000 0.000000 -1.000000 0.000000 0.000000 1.000000 0.000000 0.000000 0.000000 0.000000 0.000000 1.000000</pose_matrix>
                            <pose_matrix name="chest">1.000000 0.000000 0.000000 0.000000 0.000000 0.985256 0.171084 0.490576 0.000000 -0.171084 0.985256 0.000000 0.000000 0.000000 0.000000 1.000000</pose_matrix>
                            <pose_matrix name="head">1.000000 0.000000 0.000000 0.000000 0.000000 0.985256 -0.171084 0.508429 0.000000 0.171084 0.985256 -0.000000 0.000000 0.000000 0.000000 1.000000</pose_matrix>
                            <pose_matrix name="shoulder.L">-0.160275 0.926779 -0.339694 0.231094 -0.276075 0.288319 0.916872 0.828125 0.947678 0.240733 0.209651 -0.040985 0.000000 0.000000 0.000000 1.000000</pose_matrix>
                            <pose_matrix name="upperarm.L">0.957534 0.173137 -0.230546 0.000000 -0.000000 0.799621 0.600505 0.380424 0.288319 -0.575004 0.765664 0.000000 0.000000 0.000000 0.000000 1.000000</pose_matrix>
                            <pose_matrix name="lowerarm.L">0.985914 -0.000000 0.167253 -0.000000 -0.036866 0.975405 0.217315 0.835050 -0.163140 -0.220420 0.961666 -0.000000 0.000000 0.000000 0.000000 1.000000</pose_matrix>
                            <pose_matrix name="upperleg.L">0.960822 0.196755 0.195223 0.127778 0.108237 -0.914757 0.389236 -0.086511 0.255166 -0.352856 -0.900213 0.044876 0.000000 0.000000 0.000000 1.000000</pose_matrix>
                            <pose_matrix name="lowerleg.L">0.993702 -0.098290 -0.053806 -0.000000 0.088529 0.983018 -0.160742 0.526179 0.068691 0.154967 0.985529 0.000000 0.000000 0.000000 0.000000 1.000000</pose_matrix>
                            <pose_matrix name="foot.L">0.576176 0.390772 0.717857 -0.000000 -0.813384 0.360302 0.456715 0.663598 -0.080174 -0.847042 0.525445 0.000000 0.000000 0.000000 0.000000 1.000000</pose_matrix>
                            <pose_matrix name="shoulder.R">0.289693 -0.934545 0.206648 -0.231094 0.276075 0.288319 0.916872 0.828125 -0.916439 -0.208561 0.341529 -0.040985 0.000000 0.000000 0.000000 1.000000</pose_matrix>
                            <pose_matrix name="upperarm.R">0.957534 -0.151982 0.245009 0.000000 0.000000 0.849784 0.527131 0.380424 -0.288319 -0.504746 0.813697 -0.000000 0.000000 0.000000 0.000000 1.000000</pose_matrix>
                            <pose_matrix name="lowerarm.R">0.985914 0.000000 -0.167253 -0.000000 0.052218 0.950012 0.307814 0.835050 0.158893 -0.312212 0.936630 -0.000000 0.000000 0.000000 0.000000 1.000000</pose_matrix>
                            <pose_matrix name="upperleg.R">0.960822 -0.196756 -0.195222 -0.127778 -0.258631 -0.889710 -0.376199 -0.086511 -0.099673 0.411950 -0.905739 0.044876 0.000000 0.000000 0.000000 1.000000</pose_matrix>
                            <pose_matrix name="lowerleg.R">0.993851 0.082485 0.073873 0.000000 -0.077194 0.994426 -0.071827 0.526179 -0.079385 0.065683 0.994678 0.000000 0.000000 0.000000 0.000000 1.000000</pose_matrix>
                            <pose_matrix name="foot.R">0.581191 -0.380559 -0.719299 0.000000 0.801763 0.419048 0.426115 0.663598 0.139259 -0.824362 0.548665 0.000000 0.000000 0.000000 0.000000 1.000000</pose_matrix>
                        </keyframe>
                        <keyframe time="0.208000">
                            <pose_matrix name="stomach">1.000000 0.000000 0.000000 0.000000 0.000000 0.000000 -1.000000 0.000000 0.000000 1.000000 0.000000 -0.071087 0.000000 0.000000 0.000000 1.000000</pose_matrix>
                            <pose_matrix name="chest">1.000000 0.000000 0.000000 0.000000 0.000000 0.985256 0.171084 0.490576 0.000000 -0.171084 0.985256 0.000000 0.000000 0.000000 0.000000 1.000000</pose_matrix>
                            <pose_matrix name="head">1.000000 0.000000 0.000000 0.000000 0.000000 0.985256 -0.171084 0.508429 0.000000 0.171084 0.985256 0.000000 0.000000 0.000000 0.000000 1.000000</pose_matrix>
                            <pose_matrix name="shoulder.L">-0.029585 0.950945 -0.307942 0.231094 -0.276075 0.288319 0.916872 0.828125 0.960681 0.112140 0.254003 -0.040985 0.000000 0.000000 0.000000 1.000000</pose_matrix>
                            <pose_matrix name="upperarm.L">0.957535 0.173137 -0.230546 0.000000 -0.000000 0.799621 0.600505 0.380424 0.288319 -0.575005 0.765664 0.000000 0.000000 0.000000 0.000000 1.000000</pose_matrix>
                            <pose_matrix name="lowerarm.L">0.985914 -0.000000 0.167253 -0.000000 -0.036866 0.975405 0.217315 0.835050 -0.163140 -0.220420 0.961666 -0.000000 0.000000 0.000000 0.000000 1.000000</pose_matrix>
                            <pose_matrix name="upperleg.L">0.960822 0.196755 0.195223 0.127778 0.162077 -0.970198 0.180132 -0.086511 0.224847 -0.141434 -0.964075 0.044876 0.000000 0.000000 0.000000 1.000000</pose_matrix>
                            <pose_matrix name="lowerleg.L">0.990574 -0.135688 0.018774 0.000000 0.130428 0.892401 -0.431982 0.526179 0.041861 0.430358 0.901687 -0.000000 0.000000 0.000000 0.000000 1.000000</pose_matrix>
                            <pose_matrix name="foot.L">0.581191 0.380559 0.719299 0.000000 -0.801763 0.419048 0.426116 0.663598 -0.139259 -0.824362 0.548665 0.000000 0.000000 0.000000 0.000000 1.000000</pose_matrix>
                            <pose_matrix name="shoulder.R">0.203917 -0.949800 0.237273 -0.231094 0.276075 0.288319 0.916872 0.828125 -0.939255 -0.121460 0.321009 -0.040985 0.000000 0.000000 0.000000 1.000000</pose_matrix>
                            <pose_matrix name="upperarm.R">0.957534 -0.151982 0.245009 0.000000 0.000000 0.849784 0.527131 0.380424 -0.288319 -0.504746 0.813697 0.000000 0.000000 0.000000 0.000000 1.000000</pose_matrix>
                            <pose_matrix name="lowerarm.R">0.985914 0.000000 -0.167253 0.000000 0.052218 0.950012 0.307815 0.835050 0.158893 -0.312212 0.936630 0.000000 0.000000 0.000000 0.000000 1.000000</pose_matrix>
                            <pose_matrix name="upperleg.R">0.960822 -0.196756 -0.195222 -0.127778 -0.260705 -0.880693 -0.395492 -0.086511 -0.094116 0.430892 -0.897482 0.044876 0.000000 0.000000 0.000000 1.000000</pose_matrix>
                            <pose_matrix name="lowerleg.R">0.989117 0.141814 -0.039194 0.000000 -0.142416 0.855929 -0.497095 0.526179 -0.036948 0.497267 0.866811 -0.000000 0.000000 0.000000 0.000000 1.000000</pose_matrix>
                            <pose_matrix name="foot.R">0.581191 -0.380559 -0.719299 0.000000 0.801763 0.419048 0.426115 0.663598 0.139259 -0.824362 0.548665 0.000000 0.000000 0.000000 0.000000 1.000000</pose_matrix>
                        </keyframe>
                        <keyframe time="0.375000">
                            <pose_matrix name="stomach">1.000000 0.000000 0.000000 0.000000 0.000000 0.000000 -1.000000 0.000000 0.000000 1.000000 0.000000 0.000000 0.000000 0.000000 0.000000 1.000000</pose_matrix>
                            <pose_matrix name="chest">1.000000 0.000000 0.000000 0.000000 0.000000 0.985256 0.171084 0.490576 0.000000 -0.171084 0.985256 0.000000 0.000000 0.000000 0.000000 1.000000</pose_matrix>
                            <pose_matrix name="head">1.000000 0.000000 0.000000 0.000000 0.000000 0.985256 -0.171084 0.508429 0.000000 0.171084 0.985256 -0.000000 0.000000 0.000000 0.000000 1.000000</pose_matrix>
                            <pose_matrix name="shoulder.L">0.083128 0.957534 -0.276075 0.231094 -0.276075 0.288319 0.916872 0.828125 0.957534 -0.000000 0.288319 -0.040985 0.000000 0.000000 0.000000 1.000000</pose_matrix>
                            <pose_matrix name="upperarm.L">0.957534 0.173137 -0.230546 -0.000000 -0.000000 0.799621 0.600505 0.380424 0.288319 -0.575005 0.765664 0.000000 0.000000 0.000000 0.000000 1.000000</pose_matrix>
                            <pose_matrix name="lowerarm.L">0.985914 -0.000000 0.167253 -0.000000 -0.036866 0.975405 0.217315 0.835050 -0.163140 -0.220420 0.961666 -0.000000 0.000000 0.000000 0.000000 1.000000</pose_matrix>
                            <pose_matrix name="upperleg.L">0.960822 0.196755 0.195222 0.127778 0.251484 -0.914976 -0.315556 -0.086511 0.116537 0.352288 -0.928608 0.044876 0.000000 0.000000 0.000000 1.000000</pose_matrix>
                            <pose_matrix name="lowerleg.L">0.965600 -0.122822 0.229199 -0.000000 0.257418 0.326798 -0.909362 0.526179 0.036788 0.937079 0.347172 0.000000 0.000000 0.000000 0.000000 1.000000</pose_matrix>
                            <pose_matrix name="foot.L">0.581191 0.380559 0.719299 -0.000000 -0.801763 0.419048 0.426115 0.663598 -0.139259 -0.824362 0.548665 -0.000000 0.000000 0.000000 0.000000 1.000000</pose_matrix>
                            <pose_matrix name="shoulder.R">0.083128 -0.957534 0.276075 -0.231094 0.276075 0.288319 0.916872 0.828125 -0.957534 -0.000000 0.288319 -0.040985 0.000000 0.000000 0.000000 1.000000</pose_matrix>
                            <pose_matrix name="upperarm.R">0.957534 -0.151982 0.245009 -0.000000 0.000000 0.849784 0.527131 0.380424 -0.288319 -0.504746 0.813697 0.000000 0.000000 0.000000 0.000000 1.000000</pose_matrix>
                            <pose_matrix name="lowerarm.R">0.985914 0.000000 -0.167253 -0.000000 0.052218 0.950012 0.307815 0.835050 0.158893 -0.312212 0.936630 -0.000000 0.000000 0.000000 0.000000 1.000000</pose_matrix>
                            <pose_matrix name="upperleg.R">0.960822 -0.196755 -0.195223 -0.127778 -0.195223 -0.980380 0.027258 -0.086511 -0.196755 0.011922 -0.980380 0.044876 0.000000 0.000000 0.000000 1.000000</pose_matrix>
                            <pose_matrix name="lowerleg.R">0.993702 0.098290 0.053806 0.000000 -0.088529 0.983018 -0.160743 0.526179 -0.068691 0.154967 0.985529 0.000000 0.000000 0.000000 0.000000 1.000000</pose_matrix>
                            <pose_matrix name="foot.R">0.581191 -0.380559 -0.719299 0.000000 0.801763 0.419048 0.426115 0.663598 0.139259 -0.824362 0.548665 -0.000000 0.000000 0.000000 0.000000 1.000000</pose_matrix>
                        </keyframe>
                        <keyframe time="0.542000">
                            <pose_matrix name="stomach">1.000000 0.000000 0.000000 0.000000 0.000000 0.000000 -1.000000 0.000000 0.000000 1.000000 0.000000 0.081242 0.000000 0.000000 0.000000 1.000000</pose_matrix>
                            <pose_matrix name="chest">1.000000 0.000000 0.000000 0.000000 0.000000 0.985256 0.171084 0.490576 0.000000 -0.171084 0.985256 0.000000 0.000000 0.000000 0.000000 1.000000</pose_matrix>
                            <pose_matrix name="head">1.000000 0.000000 0.000000 0.000000 0.000000 0.985256 -0.171084 0.508429 0.000000 0.171084 0.985256 0.000000 0.000000 0.000000 0.000000 1.000000</pose_matrix>
                            <pose_matrix name="shoulder.L">0.186484 0.951886 -0.243178 0.231094 -0.276075 0.288319 0.916872 0.828125 0.942871 -0.103847 0.316559 -0.040985 0.000000 0.000000 0.000000 1.000000</pose_matrix>
                            <pose_matrix name="upperarm.L">0.957535 0.173137 -0.230546 -0.000000 -0.000000 0.799621 0.600505 0.380424 0.288319 -0.575005 0.765664 -0.000000 0.000000 0.000000 0.000000 1.000000</pose_matrix>
                            <pose_matrix name="lowerarm.L">0.985914 -0.000000 0.167253 0.000000 -0.036866 0.975405 0.217315 0.835050 -0.163140 -0.220420 0.961666 -0.000000 0.000000 0.000000 0.000000 1.000000</pose_matrix>
                            <pose_matrix name="upperleg.L">0.960822 0.196756 0.195222 0.127778 0.264080 -0.863752 -0.429178 -0.086511 0.084181 0.463917 -0.881870 0.044876 0.000000 0.000000 0.000000 1.000000</pose_matrix>
                            <pose_matrix name="lowerleg.L">0.982009 -0.150635 0.113874 -0.000000 0.186876 0.688626 -0.700623 0.526179 0.027122 0.709298 0.704387 0.000000 0.000000 0.000000 0.000000 1.000000</pose_matrix>
                            <pose_matrix name="foot.L">0.581191 0.380559 0.719299 -0.000000 -0.801763 0.419048 0.426116 0.663598 -0.139259 -0.824362 0.548665 -0.000000 0.000000 0.000000 0.000000 1.000000</pose_matrix>
                            <pose_matrix name="shoulder.R">-0.061533 -0.946687 0.316223 -0.231094 0.276075 0.288319 0.916872 0.828125 -0.959164 0.143719 0.243616 -0.040985 0.000000 0.000000 0.000000 1.000000</pose_matrix>
                            <pose_matrix name="upperarm.R">0.957535 -0.151982 0.245009 -0.000000 0.000000 0.849784 0.527131 0.380424 -0.288319 -0.504746 0.813697 0.000000 0.000000 0.000000 0.000000 1.000000</pose_matrix>
                            <pose_matrix name="lowerarm.R">0.985914 0.000000 -0.167253 0.000000 0.052218 0.950012 0.307815 0.835050 0.158893 -0.312212 0.936630 0.000000 0.000000 0.000000 0.000000 1.000000</pose_matrix>
                            <pose_matrix name="upperleg.R">0.960822 -0.196755 -0.195223 -0.127778 -0.133236 -0.945484 0.297168 -0.086511 -0.243049 -0.259515 -0.934655 0.044876 0.000000 0.000000 0.000000 1.000000</pose_matrix>
                            <pose_matrix name="lowerleg.R">0.993702 0.098290 0.053806 -0.000000 -0.088529 0.983018 -0.160743 0.526179 -0.068691 0.154967 0.985529 0.000000 0.000000 0.000000 0.000000 1.000000</pose_matrix>
                            <pose_matrix name="foot.R">0.576091 -0.390933 -0.717838 0.000000 0.813537 0.359352 0.457191 0.663598 0.079226 -0.847371 0.525058 0.000000 0.000000 0.000000 0.000000 1.000000</pose_matrix>
                        </keyframe>
                        <keyframe time="0.708000">
                            <pose_matrix name="stomach">1.000000 0.000000 0.000000 0.000000 0.000000 0.000000 -1.000000 0.000000 0.000000 1.000000 0.000000 0.000000 0.000000 0.000000 0.000000 1.000000</pose_matrix>
                            <pose_matrix name="chest">1.000000 0.000000 0.000000 0.000000 0.000000 0.985256 0.171084 0.490576 0.000000 -0.171084 0.985256 0.000000 0.000000 0.000000 0.000000 1.000000</pose_matrix>
                            <pose_matrix name="head">1.000000 0.000000 0.000000 0.000000 0.000000 0.985256 -0.171084 0.508429 0.000000 0.171084 0.985256 -0.000000 0.000000 0.000000 0.000000 1.000000</pose_matrix>
                            <pose_matrix name="shoulder.L">0.289693 0.934545 -0.206648 0.231094 -0.276075 0.288319 0.916872 0.828125 0.916439 -0.208561 0.341529 -0.040985 0.000000 0.000000 0.000000 1.000000</pose_matrix>
                            <pose_matrix name="upperarm.L">0.957534 0.151982 -0.245009 -0.000000 -0.000000 0.849784 0.527131 0.380424 0.288319 -0.504746 0.813697 -0.000000 0.000000 0.000000 0.000000 1.000000</pose_matrix>
                            <pose_matrix name="lowerarm.L">0.985914 -0.000000 0.167253 0.000000 -0.052218 0.950012 0.307814 0.835050 -0.158893 -0.312212 0.936630 -0.000000 0.000000 0.000000 0.000000 1.000000</pose_matrix>
                            <pose_matrix name="upperleg.L">0.960822 0.196756 0.195222 0.127778 0.258631 -0.889710 -0.376199 -0.086511 0.099673 0.411950 -0.905739 0.044876 0.000000 0.000000 0.000000 1.000000</pose_matrix>
                            <pose_matrix name="lowerleg.L">0.993851 -0.082485 -0.073873 -0.000000 0.077194 0.994426 -0.071827 0.526179 0.079385 0.065683 0.994678 0.000000 0.000000 0.000000 0.000000 1.000000</pose_matrix>
                            <pose_matrix name="foot.L">0.581191 0.380559 0.719299 -0.000000 -0.801763 0.419048 0.426115 0.663598 -0.139259 -0.824362 0.548665 0.000000 0.000000 0.000000 0.000000 1.000000</pose_matrix>
                            <pose_matrix name="shoulder.R">-0.160275 -0.926779 0.339694 -0.231094 0.276075 0.288319 0.916872 0.828125 -0.947678 0.240733 0.209651 -0.040985 0.000000 0.000000 0.000000 1.000000</pose_matrix>
                            <pose_matrix name="upperarm.R">0.957534 -0.173137 0.230546 -0.000000 0.000000 0.799621 0.600505 0.380424 -0.288319 -0.575004 0.765664 0.000000 0.000000 0.000000 0.000000 1.000000</pose_matrix>
                            <pose_matrix name="lowerarm.R">0.985914 0.000000 -0.167253 0.000000 0.036866 0.975405 0.217315 0.835050 0.163140 -0.220420 0.961666 0.000000 0.000000 0.000000 0.000000 1.000000</pose_matrix>
                            <pose_matrix name="upperleg.R">0.960822 -0.196755 -0.195223 -0.127778 -0.108237 -0.914757 0.389236 -0.086511 -0.255166 -0.352856 -0.900213 0.044876 0.000000 0.000000 0.000000 1.000000</pose_matrix>
                            <pose_matrix name="lowerleg.R">0.993702 0.098290 0.053806 0.000000 -0.088529 0.983018 -0.160742 0.526179 -0.068691 0.154967 0.985529 0.000000 0.000000 0.000000 0.000000 1.000000</pose_matrix>
                            <pose_matrix name="foot.R">0.576176 -0.390772 -0.717857 0.000000 0.813384 0.360302 0.456715 0.663598 0.080174 -0.847042 0.525445 0.000000 0.000000 0.000000 0.000000 1.000000</pose_matrix>
                        </keyframe>
                        <keyframe time="0.917000">
                            <pose_matrix name="stomach">1.000000 0.000000 0.000000 0.000000 0.000000 0.000000 -1.000000 0.000000 0.000000 1.000000 0.000000 -0.071087 0.000000 0.000000 0.000000 1.000000</pose_matrix>
                            <pose_matrix name="chest">1.000000 0.000000 0.000000 0.000000 0.000000 0.985256 0.171084 0.490576 0.000000 -0.171084 0.985256 0.000000 0.000000 0.000000 0.000000 1.000000</pose_matrix>
                            <pose_matrix name="head">1.000000 0.000000 0.000000 0.000000 0.000000 0.985256 -0.171084 0.508429 0.000000 0.171084 0.985256 0.000000 0.000000 0.000000 0.000000 1.000000</pose_matrix>
                            <pose_matrix name="shoulder.L">0.203917 0.949800 -0.237273 0.231094 -0.276075 0.288319 0.916872 0.828125 0.939255 -0.121460 0.321009 -0.040985 0.000000 0.000000 0.000000 1.000000</pose_matrix>
                            <pose_matrix name="upperarm.L">0.957534 0.151982 -0.245009 0.000000 -0.000000 0.849784 0.527131 0.380424 0.288319 -0.504746 0.813697 0.000000 0.000000 0.000000 0.000000 1.000000</pose_matrix>
                            <pose_matrix name="lowerarm.L">0.985914 -0.000000 0.167253 -0.000000 -0.052218 0.950012 0.307814 0.835050 -0.158893 -0.312212 0.936630 0.000000 0.000000 0.000000 0.000000 1.000000</pose_matrix>
                            <pose_matrix name="upperleg.L">0.960822 0.196756 0.195222 0.127778 0.260705 -0.880693 -0.395492 -0.086511 0.094116 0.430892 -0.897482 0.044876 0.000000 0.000000 0.000000 1.000000</pose_matrix>
                            <pose_matrix name="lowerleg.L">0.989117 -0.141814 0.039194 0.000000 0.142416 0.855929 -0.497095 0.526179 0.036948 0.497267 0.866811 -0.000000 0.000000 0.000000 0.000000 1.000000</pose_matrix>
                            <pose_matrix name="foot.L">0.581191 0.380559 0.719299 -0.000000 -0.801763 0.419048 0.426115 0.663598 -0.139259 -0.824362 0.548665 0.000000 0.000000 0.000000 0.000000 1.000000</pose_matrix>
                            <pose_matrix name="shoulder.R">-0.029585 -0.950945 0.307942 -0.231094 0.276075 0.288319 0.916872 0.828125 -0.960681 0.112140 0.254003 -0.040985 0.000000 0.000000 0.000000 1.000000</pose_matrix>
                            <pose_matrix name="upperarm.R">0.957535 -0.173137 0.230546 0.000000 0.000000 0.799621 0.600505 0.380424 -0.288319 -0.575005 0.765664 0.000000 0.000000 0.000000 0.000000 1.000000</pose_matrix>
                            <pose_matrix name="lowerarm.R">0.985914 0.000000 -0.167253 0.000000 0.036866 0.975405 0.217315 0.835050 0.163140 -0.220420 0.961666 0.000000 0.000000 0.000000 0.000000 1.000000</pose_matrix>
                            <pose_matrix name="upperleg.R">0.960822 -0.196755 -0.195223 -0.127778 -0.162077 -0.970198 0.180132 -0.086511 -0.224847 -0.141434 -0.964075 0.044876 0.000000 0.000000 0.000000 1.000000</pose_matrix>
                            <pose_matrix name="lowerleg.R">0.990574 0.135688 -0.018774 -0.000000 -0.130428 0.892401 -0.431982 0.526179 -0.041861 0.430358 0.901687 -0.000000 0.000000 0.000000 0.000000 1.000000</pose_matrix>
                            <pose_matrix name="foot.R">0.581191 -0.380559 -0.719299 -0.000000 0.801763 0.419048 0.426116 0.663598 0.139259 -0.824362 0.548665 0.000000 0.000000 0.000000 0.000000 1.000000</pose_matrix>
                        </keyframe>
                        <keyframe time="1.083000">
                            <pose_matrix name="stomach">1.000000 0.000000 0.000000 0.000000 0.000000 0.000000 -1.000000 0.000000 0.000000 1.000000 0.000000 0.000000 0.000000 0.000000 0.000000 1.000000</pose_matrix>
                            <pose_matrix name="chest">1.000000 0.000000 0.000000 0.000000 0.000000 0.985256 0.171084 0.490576 0.000000 -0.171084 0.985256 0.000000 0.000000 0.000000 0.000000 1.000000</pose_matrix>
                            <pose_matrix name="head">1.000000 0.000000 0.000000 0.000000 0.000000 0.985256 -0.171084 0.508429 0.000000 0.171084 0.985256 -0.000000 0.000000 0.000000 0.000000 1.000000</pose_matrix>
                            <pose_matrix name="shoulder.L">0.083128 0.957534 -0.276075 0.231094 -0.276075 0.288319 0.916872 0.828125 0.957534 -0.000000 0.288319 -0.040985 0.000000 0.000000 0.000000 1.000000</pose_matrix>
                            <pose_matrix name="upperarm.L">0.957534 0.151982 -0.245009 -0.000000 -0.000000 0.849784 0.527131 0.380424 0.288319 -0.504746 0.813697 0.000000 0.000000 0.000000 0.000000 1.000000</pose_matrix>
                            <pose_matrix name="lowerarm.L">0.985914 -0.000000 0.167253 0.000000 -0.052218 0.950012 0.307815 0.835050 -0.158893 -0.312212 0.936630 0.000000 0.000000 0.000000 0.000000 1.000000</pose_matrix>
                            <pose_matrix name="upperleg.L">0.960822 0.196755 0.195223 0.127778 0.195223 -0.980380 0.027258 -0.086511 0.196755 0.011922 -0.980380 0.044876 0.000000 0.000000 0.000000 1.000000</pose_matrix>
                            <pose_matrix name="lowerleg.L">0.993702 -0.098290 -0.053806 0.000000 0.088529 0.983018 -0.160743 0.526179 0.068691 0.154967 0.985529 0.000000 0.000000 0.000000 0.000000 1.000000</pose_matrix>
                            <pose_matrix name="foot.L">0.581191 0.380559 0.719299 -0.000000 -0.801763 0.419048 0.426115 0.663598 -0.139259 -0.824362 0.548665 -0.000000 0.000000 0.000000 0.000000 1.000000</pose_matrix>
                            <pose_matrix name="shoulder.R">0.083128 -0.957534 0.276075 -0.231094 0.276075 0.288319 0.916872 0.828125 -0.957534 -0.000000 0.288319 -0.040985 0.000000 0.000000 0.000000 1.000000</pose_matrix>
                            <pose_matrix name="upperarm.R">0.957534 -0.173137 0.230546 -0.000000 0.000000 0.799621 0.600505 0.380424 -0.288319 -0.575005 0.765664 0.000000 0.000000 0.000000 0.000000 1.000000</pose_matrix>
                            <pose_matrix name="lowerarm.R">0.985914 0.000000 -0.167253 0.000000 0.036866 0.975405 0.217315 0.835050 0.163140 -0.220420 0.961666 -0.000000 0.000000 0.000000 0.000000 1.000000</pose_matrix>
                            <pose_matrix name="upperleg.R">0.960822 -0.196755 -0.195222 -0.127778 -0.251484 -0.914976 -0.315556 -0.086511 -0.116537 0.352288 -0.928608 0.044876 0.000000 0.000000 0.000000 1.000000</pose_matrix>
                            <pose_matrix name="lowerleg.R">0.965600 0.122822 -0.229199 0.000000 -0.257418 0.326798 -0.909362 0.526179 -0.036788 0.937079 0.347172 0.000000 0.000000 0.000000 0.000000 1.000000</pose_matrix>
                            <pose_matrix name="foot.R">0.581191 -0.380559 -0.719299 0.000000 0.801763 0.419048 0.426115 0.663598 0.139259 -0.824362 0.548665 -0.000000 0.000000 0.000000 0.000000 1.000000</pose_matrix>
                        </keyframe>
                        <keyframe time="1.250000">
                            <pose_matrix name="stomach">1.000000 0.000000 0.000000 0.000000 0.000000 0.000000 -1.000000 0.000000 0.000000 1.000000 0.000000 0.081242 0.000000 0.000000 0.000000 1.000000</pose_matrix>
                            <pose_matrix name="chest">1.000000 0.000000 0.000000 0.000000 0.000000 0.985256 0.171084 0.490576 0.000000 -0.171084 0.985256 0.000000 0.000000 0.000000 0.000000 1.000000</pose_matrix>
                            <pose_matrix name="head">1.000000 0.000000 0.000000 0.000000 0.000000 0.985256 -0.171084 0.508429 0.000000 0.171084 0.985256 0.000000 0.000000 0.000000 0.000000 1.000000</pose_matrix>
                            <pose_matrix name="shoulder.L">-0.061533 0.946687 -0.316223 0.231094 -0.276075 0.288319 0.916872 0.828125 0.959164 0.143719 0.243616 -0.040985 0.000000 0.000000 0.000000 1.000000</pose_matrix>
                            <pose_matrix name="upperarm.L">0.957535 0.151982 -0.245009 -0.000000 -0.000000 0.849784 0.527131 0.380424 0.288319 -0.504746 0.813697 0.000000 0.000000 0.000000 0.000000 1.000000</pose_matrix>
                            <pose_matrix name="lowerarm.L">0.985914 -0.000000 0.167253 -0.000000 -0.052218 0.950012 0.307815 0.835050 -0.158893 -0.312212 0.936630 0.000000 0.000000 0.000000 0.000000 1.000000</pose_matrix>
                            <pose_matrix name="upperleg.L">0.960822 0.196755 0.195223 0.127778 0.133236 -0.945484 0.297168 -0.086511 0.243049 -0.259515 -0.934655 0.044876 0.000000 0.000000 0.000000 1.000000</pose_matrix>
                            <pose_matrix name="lowerleg.L">0.993702 -0.098290 -0.053806 0.000000 0.088529 0.983018 -0.160743 0.526179 0.068691 0.154967 0.985529 0.000000 0.000000 0.000000 0.000000 1.000000</pose_matrix>
                            <pose_matrix name="foot.L">0.576091 0.390933 0.717838 -0.000000 -0.813537 0.359352 0.457191 0.663598 -0.079226 -0.847371 0.525058 0.000000 0.000000 0.000000 0.000000 1.000000</pose_matrix>
                            <pose_matrix name="shoulder.R">0.186484 -0.951886 0.243178 -0.231094 0.276075 0.288319 0.916872 0.828125 -0.942871 -0.103847 0.316559 -0.040985 0.000000 0.000000 0.000000 1.000000</pose_matrix>
                            <pose_matrix name="upperarm.R">0.957535 -0.173137 0.230546 0.000000 0.000000 0.799621 0.600505 0.380424 -0.288319 -0.575005 0.765664 -0.000000 0.000000 0.000000 0.000000 1.000000</pose_matrix>
                            <pose_matrix name="lowerarm.R">0.985914 0.000000 -0.167253 -0.000000 0.036866 0.975405 0.217315 0.835050 0.163140 -0.220420 0.961666 -0.000000 0.000000 0.000000 0.000000 1.000000</pose_matrix>
                            <pose_matrix name="upperleg.R">0.960822 -0.196756 -0.195222 -0.127778 -0.264080 -0.863752 -0.429178 -0.086511 -0.084181 0.463917 -0.881870 0.044876 0.000000 0.000000 0.000000 1.000000</pose_matrix>
                            <pose_matrix name="lowerleg.R">0.982009 0.150635 -0.113874 0.000000 -0.186876 0.688626 -0.700623 0.526179 -0.027122 0.709298 0.704387 0.000000 0.000000 0.000000 0.000000 1.000000</pose_matrix>
                            <pose_matrix name="foot.R">0.581191 -0.380559 -0.719299 0.000000 0.801763 0.419048 0.426116 0.663598 0.139259 -0.824362 0.548665 -0.000000 0.000000 0.000000 0.000000 1.000000</pose_matrix>
                        </keyframe>
                        <keyframe time="1.417000">
                            <pose_matrix name="stomach">1.000000 0.000000 0.000000 0.000000 0.000000 0.000000 -1.000000 0.000000 0.000000 1.000000 0.000000 0.000000 0.000000 0.000000 0.000000 1.000000</pose_matrix>
                            <pose_matrix name="chest">1.000000 0.000000 0.000000 0.000000 0.000000 0.985256 0.171084 0.490576 0.000000 -0.171084 0.985256 0.000000 0.000000 0.000000 0.000000 1.000000</pose_matrix>
                            <pose_matrix name="head">1.000000 0.000000 0.000000 0.000000 0.000000 0.985256 -0.171084 0.508429 0.000000 0.171084 0.985256 -0.000000 0.000000 0.000000 0.000000 1.000000</pose_matrix>
                            <pose_matrix name="shoulder.L">-0.167431 0.924934 -0.341269 0.231094 -0.276075 0.288319 0.916872 0.828125 0.946440 0.247729 0.207078 -0.040985 0.000000 0.000000 0.000000 1.000000</pose_matrix>
                            <pose_matrix name="upperarm.L">0.957534 0.151982 -0.245009 0.000000 -0.000000 0.849784 0.527131 0.380424 0.288319 -0.504746 0.813697 -0.000000 0.000000 0.000000 0.000000 1.000000</pose_matrix>
                            <pose_matrix name="lowerarm.L">0.985914 -0.000000 0.167253 0.000000 -0.052218 0.950012 0.307814 0.835050 -0.158893 -0.312212 0.936630 0.000000 0.000000 0.000000 0.000000 1.000000</pose_matrix>
                            <pose_matrix name="upperleg.L">0.960822 0.196755 0.195223 0.127778 0.086735 -0.882394 0.462447 -0.086511 0.263252 -0.427396 -0.864888 0.044876 0.000000 0.000000 0.000000 1.000000</pose_matrix>
                            <pose_matrix name="lowerleg.L">0.993702 -0.098290 -0.053806 -0.000000 0.088529 0.983018 -0.160742 0.526179 0.068691 0.154967 0.985529 0.000000 0.000000 0.000000 0.000000 1.000000</pose_matrix>
                            <pose_matrix name="foot.L">0.571258 0.399569 0.716944 -0.000000 -0.820308 0.307248 0.482383 0.663598 -0.027534 -0.863680 0.503288 -0.000000 0.000000 0.000000 0.000000 1.000000</pose_matrix>
                            <pose_matrix name="shoulder.R">0.206059 -0.949520 0.236540 -0.231094 0.276075 0.288319 0.916872 0.828125 -0.938787 -0.123627 0.321550 -0.040985 0.000000 0.000000 0.000000 1.000000</pose_matrix>
                            <pose_matrix name="upperarm.R">0.957534 -0.173137 0.230546 0.000000 0.000000 0.799621 0.600505 0.380424 -0.288319 -0.575005 0.765664 0.000000 0.000000 0.000000 0.000000 1.000000</pose_matrix>
                            <pose_matrix name="lowerarm.R">0.985914 0.000000 -0.167253 0.000000 0.036866 0.975405 0.217315 0.835050 0.163140 -0.220420 0.961666 0.000000 0.000000 0.000000 0.000000 1.000000</pose_matrix>
                            <pose_matrix name="upperleg.R">0.960822 -0.196756 -0.195222 -0.127778 -0.247966 -0.924893 -0.288247 -0.086511 -0.123846 0.325361 -0.937444 0.044876 0.000000 0.000000 0.000000 1.000000</pose_matrix>
                            <pose_matrix name="lowerleg.R">0.993702 0.098290 0.053806 -0.000000 -0.088529 0.983018 -0.160742 0.526179 -0.068691 0.154967 0.985529 -0.000000 0.000000 0.000000 0.000000 1.000000</pose_matrix>
                            <pose_matrix name="foot.R">0.581191 -0.380559 -0.719299 0.000000 0.801763 0.419048 0.426116 0.663598 0.139259 -0.824362 0.548665 0.000000 0.000000 0.000000 0.000000 1.000000</pose_matrix>
                        </keyframe>
                    </animation>
                </animations>
            </mesh>
            
        </meshes>
        
        <point_lights>
            
            <point_light name="Lamp">
                <falloff_distance>29.999983</falloff_distance>
                <energy>1.000000</energy>
                <linear_attenuation>0.000000</linear_attenuation>
                <quadratic_attenuation>1.000000</quadratic_attenuation>
                <light_color>1.000000 1.000000 1.000000 1.0</light_color>
                <local_matrix>-0.290865 -0.771101 0.566393 4.076245 -0.055189 0.604525 0.794672 5.903862 0.955171 -0.199883 0.218391 1.005454 0.000000 0.000000 0.000000 1.000000</local_matrix>
            </point_light>
            
        </point_lights>
        
    </asset>
</UntoldEngine>

