<?xml version="1.0" encoding="utf-8"?>
<UntoldEngine xmlns="" version="0.0.1">
<asset>
<meshes>
<mesh name="guardian" vertex_count="5016" index_count="5016">
<animations>
<modeler_animation_transform>1.000000 0.000000 -0.000000 0.000000 0.000000 -0.000000 1.000000 -0.000000 -0.000000 1.000000 0.000000 -0.000000 0.000000 -0.000000 0.000000 1.000000</modeler_animation_transform>

<animation name="walking" fps="24.000000">
<keyframe time="0.000000">
<pose_matrix name="stomach">1.000000 0.000000 0.000000 0.000000 0.000000 0.000000 -1.000000 0.000000 0.000000 1.000000 0.000000 0.000000 0.000000 0.000000 0.000000 1.000000</pose_matrix>
<pose_matrix name="chest">1.000000 0.000000 0.000000 0.000000 0.000000 1.000000 0.000000 0.170581 0.000000 0.000000 1.000000 0.000000 0.000000 0.000000 0.000000 1.000000</pose_matrix>
<pose_matrix name="head">1.000000 0.000000 0.000000 0.000000 0.000000 1.000000 0.000000 0.154730 0.000000 0.000000 1.000000 0.000000 0.000000 0.000000 0.000000 1.000000</pose_matrix>
<pose_matrix name="forearm.L">0.308415 0.567107 0.763721 0.104828 0.582452 -0.747342 0.319732 0.226393 0.752084 0.346221 -0.560804 -0.005554 0.000000 0.000000 0.000000 1.000000</pose_matrix>
<pose_matrix name="arm.L">0.996839 -0.027561 -0.074514 -0.000000 0.032509 0.997288 0.066035 0.212801 0.072492 -0.068248 0.995031 -0.000000 0.000000 0.000000 0.000000 1.000000</pose_matrix>
<pose_matrix name="hand.L">0.964934 -0.102605 -0.241609 -0.000000 0.148215 0.972643 0.178880 0.166076 0.216645 -0.208417 0.953744 0.000000 0.000000 0.000000 0.000000 1.000000</pose_matrix>
<pose_matrix name="leg.L">0.996208 0.061436 0.061319 0.067881 0.038189 -0.944620 0.325936 -0.209245 0.077947 -0.322364 -0.943401 0.009967 0.000000 0.000000 0.000000 1.000000</pose_matrix>
<pose_matrix name="calf.L">0.999619 0.018242 0.020712 0.000000 -0.016975 0.998066 -0.059801 0.281646 -0.021763 0.059427 0.997995 -0.000000 0.000000 0.000000 0.000000 1.000000</pose_matrix>
<pose_matrix name="foot.L">0.993469 0.049739 -0.102692 0.000000 0.083133 0.300938 0.950013 0.275734 0.078157 -0.952346 0.294837 -0.000000 0.000000 0.000000 0.000000 1.000000</pose_matrix>
<pose_matrix name="forearm.R">0.307263 -0.571549 -0.760868 -0.106319 0.202678 -0.741898 0.639147 0.226393 -0.929791 -0.350597 -0.112117 -0.005554 0.000000 0.000000 0.000000 1.000000</pose_matrix>
<pose_matrix name="arm.R">0.996839 0.027561 0.074514 -0.000000 -0.032509 0.997288 0.066034 0.212801 -0.072492 -0.068248 0.995031 0.000000 0.000000 0.000000 0.000000 1.000000</pose_matrix>
<pose_matrix name="hand.R">0.964934 0.102605 0.241609 0.000000 -0.148215 0.972643 0.178880 0.166076 -0.216645 -0.208417 0.953744 -0.000000 0.000000 0.000000 0.000000 1.000000</pose_matrix>
<pose_matrix name="leg.R">0.996144 -0.061434 -0.061323 -0.069373 -0.077928 -0.944103 -0.320305 -0.209245 -0.038210 0.323875 -0.945328 0.009967 0.000000 0.000000 0.000000 1.000000</pose_matrix>
<pose_matrix name="calf.R">0.999619 -0.018243 -0.020712 -0.000000 0.016976 0.998066 -0.059801 0.281646 0.021763 0.059427 0.997995 0.000000 0.000000 0.000000 0.000000 1.000000</pose_matrix>
<pose_matrix name="foot.R">0.993469 -0.049741 0.102689 0.000000 -0.083130 0.300938 0.950014 0.275734 -0.078158 -0.952346 0.294837 0.000000 0.000000 0.000000 0.000000 1.000000</pose_matrix>
</keyframe>
<keyframe time="0.208000">
<pose_matrix name="stomach">1.000000 0.000000 0.000000 0.000000 0.000000 0.000000 -1.000000 0.000000 0.000000 1.000000 0.000000 0.000000 0.000000 0.000000 0.000000 1.000000</pose_matrix>
<pose_matrix name="chest">1.000000 0.000000 0.000000 0.000000 0.000000 1.000000 0.000000 0.170581 0.000000 0.000000 1.000000 0.000000 0.000000 0.000000 0.000000 1.000000</pose_matrix>
<pose_matrix name="head">1.000000 0.000000 0.000000 0.000000 0.000000 1.000000 0.000000 0.154730 0.000000 0.000000 1.000000 0.000000 0.000000 0.000000 0.000000 1.000000</pose_matrix>
<pose_matrix name="forearm.L">0.308415 0.567107 0.763721 0.104828 0.399482 -0.805847 0.437065 0.226393 0.863305 0.170295 -0.475084 -0.005554 0.000000 0.000000 0.000000 1.000000</pose_matrix>
<pose_matrix name="arm.L">0.996839 -0.027561 -0.074514 -0.000000 0.032509 0.997288 0.066034 0.212801 0.072492 -0.068248 0.995031 -0.000000 0.000000 0.000000 0.000000 1.000000</pose_matrix>
<pose_matrix name="hand.L">0.964934 -0.102605 -0.241609 -0.000000 0.148215 0.972643 0.178880 0.166076 0.216645 -0.208417 0.953744 0.000000 0.000000 0.000000 0.000000 1.000000</pose_matrix>
<pose_matrix name="leg.L">0.996208 0.061436 0.061320 0.067881 0.060823 -0.998079 0.011777 -0.209245 0.061925 -0.008003 -0.998049 0.009967 0.000000 0.000000 0.000000 1.000000</pose_matrix>
<pose_matrix name="calf.L">0.995231 -0.001542 0.097535 0.000000 0.083234 0.534837 -0.840846 0.281646 -0.050869 0.844954 0.532414 0.000000 0.000000 0.000000 0.000000 1.000000</pose_matrix>
<pose_matrix name="foot.L">0.993469 0.049739 -0.102692 -0.000000 0.083133 0.300938 0.950013 0.275734 0.078157 -0.952346 0.294837 -0.000000 0.000000 0.000000 0.000000 1.000000</pose_matrix>
<pose_matrix name="forearm.R">0.307263 -0.571549 -0.760868 -0.106319 -0.008324 -0.801130 0.598432 0.226393 -0.951588 -0.177543 -0.250915 -0.005554 0.000000 0.000000 0.000000 1.000000</pose_matrix>
<pose_matrix name="arm.R">0.996839 0.027561 0.074514 -0.000000 -0.032509 0.997288 0.066035 0.212801 -0.072492 -0.068248 0.995031 0.000000 0.000000 0.000000 0.000000 1.000000</pose_matrix>
<pose_matrix name="hand.R">0.964934 0.102605 0.241609 -0.000000 -0.148215 0.972643 0.178880 0.166076 -0.216645 -0.208417 0.953744 -0.000000 0.000000 0.000000 0.000000 1.000000</pose_matrix>
<pose_matrix name="leg.R">0.996144 -0.061435 -0.061323 -0.069373 -0.074600 -0.967103 -0.243197 -0.209245 -0.044358 0.246854 -0.968037 0.009967 0.000000 0.000000 0.000000 1.000000</pose_matrix>
<pose_matrix name="calf.R">0.998763 -0.001208 -0.049720 0.000000 -0.020445 0.901355 -0.432598 0.281646 0.045338 0.433079 0.900215 0.000000 0.000000 0.000000 0.000000 1.000000</pose_matrix>
<pose_matrix name="foot.R">0.993469 -0.049741 0.102689 -0.000000 -0.083130 0.300938 0.950014 0.275734 -0.078158 -0.952346 0.294837 0.000000 0.000000 0.000000 0.000000 1.000000</pose_matrix>
</keyframe>
<keyframe time="0.375000">
<pose_matrix name="stomach">1.000000 0.000000 0.000000 0.000000 0.000000 0.000000 -1.000000 0.000000 0.000000 1.000000 0.000000 0.000000 0.000000 0.000000 0.000000 1.000000</pose_matrix>
<pose_matrix name="chest">1.000000 0.000000 0.000000 0.000000 0.000000 1.000000 0.000000 0.170581 0.000000 0.000000 1.000000 0.000000 0.000000 0.000000 0.000000 1.000000</pose_matrix>
<pose_matrix name="head">1.000000 0.000000 0.000000 0.000000 0.000000 1.000000 0.000000 0.154730 0.000000 0.000000 1.000000 0.000000 0.000000 0.000000 0.000000 1.000000</pose_matrix>
<pose_matrix name="forearm.L">0.308415 0.567107 0.763721 0.104828 0.212354 -0.823644 0.525848 0.226393 0.927247 -0.000000 -0.374451 -0.005554 0.000000 0.000000 0.000000 1.000000</pose_matrix>
<pose_matrix name="arm.L">0.996839 -0.027561 -0.074514 0.000000 0.032509 0.997288 0.066034 0.212800 0.072492 -0.068248 0.995031 -0.000000 0.000000 0.000000 0.000000 1.000000</pose_matrix>
<pose_matrix name="hand.L">0.964934 -0.102605 -0.241609 -0.000000 0.148215 0.972643 0.178880 0.166076 0.216645 -0.208417 0.953744 0.000000 0.000000 0.000000 0.000000 1.000000</pose_matrix>
<pose_matrix name="leg.L">0.996208 0.061436 0.061320 0.067881 0.074092 -0.969877 -0.232054 -0.209245 0.045215 0.235722 -0.970768 0.009967 0.000000 0.000000 0.000000 1.000000</pose_matrix>
<pose_matrix name="calf.L">0.996539 -0.003556 0.083052 0.000000 0.064091 0.669136 -0.740371 0.281646 -0.052940 0.743132 0.667048 -0.000000 0.000000 0.000000 0.000000 1.000000</pose_matrix>
<pose_matrix name="foot.L">0.993469 0.049739 -0.102692 -0.000000 0.083133 0.300938 0.950013 0.275734 0.078157 -0.952346 0.294837 -0.000000 0.000000 0.000000 0.000000 1.000000</pose_matrix>
<pose_matrix name="forearm.R">0.307263 -0.571549 -0.760868 -0.106319 -0.214017 -0.820567 0.529967 0.226393 -0.927246 -0.000000 -0.374451 -0.005554 0.000000 0.000000 0.000000 1.000000</pose_matrix>
<pose_matrix name="arm.R">0.996839 0.027561 0.074514 -0.000000 -0.032509 0.997288 0.066034 0.212801 -0.072492 -0.068248 0.995031 -0.000000 0.000000 0.000000 0.000000 1.000000</pose_matrix>
<pose_matrix name="hand.R">0.964934 0.102605 0.241609 0.000000 -0.148215 0.972643 0.178880 0.166076 -0.216645 -0.208417 0.953744 -0.000000 0.000000 0.000000 0.000000 1.000000</pose_matrix>
<pose_matrix name="leg.R">0.996144 -0.061436 -0.061320 -0.069373 -0.061310 -0.998111 0.003775 -0.209245 -0.061431 -0.000000 -0.998111 0.009967 0.000000 0.000000 0.000000 1.000000</pose_matrix>
<pose_matrix name="calf.R">0.999619 -0.018243 -0.020712 -0.000000 0.016976 0.998066 -0.059801 0.281646 0.021763 0.059427 0.997995 -0.000000 0.000000 0.000000 0.000000 1.000000</pose_matrix>
<pose_matrix name="foot.R">0.993469 -0.049741 0.102689 -0.000000 -0.083130 0.300938 0.950014 0.275734 -0.078158 -0.952346 0.294837 -0.000000 0.000000 0.000000 0.000000 1.000000</pose_matrix>
</keyframe>
<keyframe time="0.542000">
<pose_matrix name="stomach">1.000000 0.000000 0.000000 0.000000 0.000000 0.000000 -1.000000 0.000000 0.000000 1.000000 0.000000 0.000000 0.000000 0.000000 0.000000 1.000000</pose_matrix>
<pose_matrix name="chest">1.000000 0.000000 0.000000 0.000000 0.000000 1.000000 0.000000 0.170581 0.000000 0.000000 1.000000 0.000000 0.000000 0.000000 0.000000 1.000000</pose_matrix>
<pose_matrix name="head">1.000000 0.000000 0.000000 0.000000 0.000000 1.000000 0.000000 0.154730 0.000000 0.000000 1.000000 0.000000 0.000000 0.000000 0.000000 1.000000</pose_matrix>
<pose_matrix name="forearm.L">0.308415 0.567107 0.763721 0.104828 0.096547 -0.817374 0.567959 0.226393 0.946340 -0.101432 -0.306843 -0.005554 0.000000 0.000000 0.000000 1.000000</pose_matrix>
<pose_matrix name="arm.L">0.996839 -0.027561 -0.074514 0.000000 0.032509 0.997288 0.066035 0.212800 0.072492 -0.068248 0.995031 -0.000000 0.000000 0.000000 0.000000 1.000000</pose_matrix>
<pose_matrix name="hand.L">0.964934 -0.102605 -0.241609 0.000000 0.148215 0.972643 0.178880 0.166076 0.216645 -0.208417 0.953744 -0.000000 0.000000 0.000000 0.000000 1.000000</pose_matrix>
<pose_matrix name="leg.L">0.996208 0.061436 0.061321 0.067881 0.078275 -0.941159 -0.328775 -0.209245 0.037512 0.332335 -0.942415 0.009967 0.000000 0.000000 0.000000 1.000000</pose_matrix>
<pose_matrix name="calf.L">0.998381 -0.000960 0.056877 0.000000 0.029768 0.860844 -0.507997 0.281646 -0.048475 0.508868 0.859479 0.000000 0.000000 0.000000 0.000000 1.000000</pose_matrix>
<pose_matrix name="foot.L">0.993469 0.049739 -0.102692 -0.000000 0.083133 0.300938 0.950013 0.275734 0.078157 -0.952346 0.294837 0.000000 0.000000 0.000000 0.000000 1.000000</pose_matrix>
<pose_matrix name="forearm.R">0.307263 -0.571549 -0.760868 -0.106319 -0.374650 -0.807630 0.455380 0.226393 -0.874772 0.145138 -0.462286 -0.005554 0.000000 0.000000 0.000000 1.000000</pose_matrix>
<pose_matrix name="arm.R">0.996839 0.027561 0.074514 0.000000 -0.032509 0.997288 0.066034 0.212801 -0.072492 -0.068248 0.995031 0.000000 0.000000 0.000000 0.000000 1.000000</pose_matrix>
<pose_matrix name="hand.R">0.964934 0.102605 0.241609 0.000000 -0.148215 0.972643 0.178880 0.166076 -0.216645 -0.208417 0.953744 0.000000 0.000000 0.000000 0.000000 1.000000</pose_matrix>
<pose_matrix name="leg.R">0.996144 -0.061437 -0.061318 -0.069373 -0.046615 -0.974617 0.218969 -0.209245 -0.073211 -0.215283 -0.973803 0.009967 0.000000 0.000000 0.000000 1.000000</pose_matrix>
<pose_matrix name="calf.R">0.999619 -0.018243 -0.020712 0.000000 0.016976 0.998066 -0.059801 0.281646 0.021763 0.059427 0.997996 0.000000 0.000000 0.000000 0.000000 1.000000</pose_matrix>
<pose_matrix name="foot.R">0.993469 -0.049741 0.102689 0.000000 -0.083130 0.300938 0.950014 0.275734 -0.078158 -0.952346 0.294837 -0.000000 0.000000 0.000000 0.000000 1.000000</pose_matrix>
</keyframe>
<keyframe time="0.708000">
<pose_matrix name="stomach">1.000000 0.000000 0.000000 0.000000 0.000000 0.000000 -1.000000 0.000000 0.000000 1.000000 0.000000 0.000000 0.000000 0.000000 0.000000 1.000000</pose_matrix>
<pose_matrix name="chest">1.000000 0.000000 0.000000 0.000000 0.000000 1.000000 0.000000 0.170581 0.000000 0.000000 1.000000 0.000000 0.000000 0.000000 0.000000 1.000000</pose_matrix>
<pose_matrix name="head">1.000000 0.000000 0.000000 0.000000 0.000000 1.000000 0.000000 0.154730 0.000000 0.000000 1.000000 0.000000 0.000000 0.000000 0.000000 1.000000</pose_matrix>
<pose_matrix name="forearm.L">0.307263 0.571549 0.760868 0.104828 -0.202678 -0.741898 0.639147 0.226393 0.929791 -0.350598 -0.112117 -0.005554 0.000000 0.000000 0.000000 1.000000</pose_matrix>
<pose_matrix name="arm.L">0.996839 -0.027561 -0.074514 0.000000 0.032509 0.997288 0.066035 0.212800 0.072492 -0.068248 0.995031 0.000000 0.000000 0.000000 0.000000 1.000000</pose_matrix>
<pose_matrix name="hand.L">0.964934 -0.102605 -0.241609 0.000000 0.148215 0.972643 0.178880 0.166076 0.216645 -0.208417 0.953744 0.000000 0.000000 0.000000 0.000000 1.000000</pose_matrix>
<pose_matrix name="leg.L">0.996208 0.061436 0.061321 0.067881 0.077936 -0.944103 -0.320305 -0.209245 0.038214 0.323875 -0.945328 0.009967 0.000000 0.000000 0.000000 1.000000</pose_matrix>
<pose_matrix name="calf.L">0.999619 0.018242 0.020712 0.000000 -0.016975 0.998066 -0.059801 0.281646 -0.021763 0.059427 0.997995 -0.000000 0.000000 0.000000 0.000000 1.000000</pose_matrix>
<pose_matrix name="foot.L">0.993469 0.049739 -0.102692 0.000000 0.083133 0.300938 0.950013 0.275734 0.078157 -0.952346 0.294837 -0.000000 0.000000 0.000000 0.000000 1.000000</pose_matrix>
<pose_matrix name="forearm.R">0.308415 -0.567107 -0.763721 -0.106319 -0.582452 -0.747342 0.319732 0.226393 -0.752083 0.346221 -0.560804 -0.005554 0.000000 0.000000 0.000000 1.000000</pose_matrix>
<pose_matrix name="arm.R">0.996839 0.027561 0.074514 0.000000 -0.032509 0.997288 0.066034 0.212801 -0.072492 -0.068248 0.995031 0.000000 0.000000 0.000000 0.000000 1.000000</pose_matrix>
<pose_matrix name="hand.R">0.964934 0.102605 0.241609 -0.000000 -0.148215 0.972643 0.178880 0.166076 -0.216645 -0.208417 0.953744 -0.000000 0.000000 0.000000 0.000000 1.000000</pose_matrix>
<pose_matrix name="leg.R">0.996144 -0.061437 -0.061318 -0.069373 -0.038181 -0.944619 0.325936 -0.209245 -0.077943 -0.322364 -0.943401 0.009967 0.000000 0.000000 0.000000 1.000000</pose_matrix>
<pose_matrix name="calf.R">0.999619 -0.018243 -0.020712 -0.000000 0.016976 0.998066 -0.059801 0.281646 0.021763 0.059427 0.997995 0.000000 0.000000 0.000000 0.000000 1.000000</pose_matrix>
<pose_matrix name="foot.R">0.993469 -0.049741 0.102689 0.000000 -0.083130 0.300938 0.950014 0.275734 -0.078158 -0.952346 0.294837 -0.000000 0.000000 0.000000 0.000000 1.000000</pose_matrix>
</keyframe>
<keyframe time="0.917000">
<pose_matrix name="stomach">1.000000 0.000000 0.000000 0.000000 0.000000 0.000000 -1.000000 0.000000 0.000000 1.000000 0.000000 0.000000 0.000000 0.000000 0.000000 1.000000</pose_matrix>
<pose_matrix name="chest">1.000000 0.000000 0.000000 0.000000 0.000000 1.000000 0.000000 0.170581 0.000000 0.000000 1.000000 0.000000 0.000000 0.000000 0.000000 1.000000</pose_matrix>
<pose_matrix name="head">1.000000 0.000000 0.000000 0.000000 0.000000 1.000000 0.000000 0.154730 0.000000 0.000000 1.000000 0.000000 0.000000 0.000000 0.000000 1.000000</pose_matrix>
<pose_matrix name="forearm.L">0.307263 0.571549 0.760868 0.104828 0.008324 -0.801130 0.598432 0.226393 0.951588 -0.177543 -0.250915 -0.005554 0.000000 0.000000 0.000000 1.000000</pose_matrix>
<pose_matrix name="arm.L">0.996839 -0.027561 -0.074514 0.000000 0.032509 0.997288 0.066035 0.212800 0.072492 -0.068248 0.995031 0.000000 0.000000 0.000000 0.000000 1.000000</pose_matrix>
<pose_matrix name="hand.L">0.964934 -0.102605 -0.241609 -0.000000 0.148215 0.972643 0.178880 0.166076 0.216645 -0.208417 0.953744 0.000000 0.000000 0.000000 0.000000 1.000000</pose_matrix>
<pose_matrix name="leg.L">0.996208 0.061436 0.061322 0.067881 0.074608 -0.967103 -0.243197 -0.209245 0.044362 0.246854 -0.968037 0.009967 0.000000 0.000000 0.000000 1.000000</pose_matrix>
<pose_matrix name="calf.L">0.998763 0.001207 0.049721 -0.000000 0.020446 0.901355 -0.432598 0.281646 -0.045338 0.433079 0.900215 0.000000 0.000000 0.000000 0.000000 1.000000</pose_matrix>
<pose_matrix name="foot.L">0.993469 0.049739 -0.102692 0.000000 0.083133 0.300938 0.950014 0.275734 0.078157 -0.952346 0.294837 -0.000000 0.000000 0.000000 0.000000 1.000000</pose_matrix>
<pose_matrix name="forearm.R">0.308415 -0.567107 -0.763721 -0.106319 -0.399482 -0.805847 0.437065 0.226393 -0.863304 0.170296 -0.475084 -0.005554 0.000000 0.000000 0.000000 1.000000</pose_matrix>
<pose_matrix name="arm.R">0.996839 0.027561 0.074514 -0.000000 -0.032509 0.997288 0.066034 0.212801 -0.072492 -0.068248 0.995031 0.000000 0.000000 0.000000 0.000000 1.000000</pose_matrix>
<pose_matrix name="hand.R">0.964934 0.102605 0.241609 0.000000 -0.148214 0.972643 0.178880 0.166076 -0.216645 -0.208417 0.953744 -0.000000 0.000000 0.000000 0.000000 1.000000</pose_matrix>
<pose_matrix name="leg.R">0.996144 -0.061436 -0.061320 -0.069373 -0.060815 -0.998079 0.011777 -0.209245 -0.061921 -0.008003 -0.998049 0.009967 0.000000 0.000000 0.000000 1.000000</pose_matrix>
<pose_matrix name="calf.R">0.995231 0.001542 -0.097534 -0.000000 -0.083233 0.534837 -0.840846 0.281646 0.050869 0.844954 0.532414 0.000000 0.000000 0.000000 0.000000 1.000000</pose_matrix>
<pose_matrix name="foot.R">0.993469 -0.049741 0.102689 -0.000000 -0.083130 0.300938 0.950014 0.275734 -0.078158 -0.952346 0.294837 0.000000 0.000000 0.000000 0.000000 1.000000</pose_matrix>
</keyframe>
<keyframe time="1.083000">
<pose_matrix name="stomach">1.000000 0.000000 0.000000 0.000000 0.000000 0.000000 -1.000000 0.000000 0.000000 1.000000 0.000000 0.000000 0.000000 0.000000 0.000000 1.000000</pose_matrix>
<pose_matrix name="chest">1.000000 0.000000 0.000000 0.000000 0.000000 1.000000 0.000000 0.170581 0.000000 0.000000 1.000000 0.000000 0.000000 0.000000 0.000000 1.000000</pose_matrix>
<pose_matrix name="head">1.000000 0.000000 0.000000 0.000000 0.000000 1.000000 0.000000 0.154730 0.000000 0.000000 1.000000 0.000000 0.000000 0.000000 0.000000 1.000000</pose_matrix>
<pose_matrix name="forearm.L">0.307263 0.571550 0.760868 0.104828 0.214017 -0.820568 0.529967 0.226393 0.927247 -0.000000 -0.374451 -0.005554 0.000000 0.000000 0.000000 1.000000</pose_matrix>
<pose_matrix name="arm.L">0.996839 -0.027561 -0.074514 -0.000000 0.032509 0.997288 0.066035 0.212801 0.072492 -0.068248 0.995031 -0.000000 0.000000 0.000000 0.000000 1.000000</pose_matrix>
<pose_matrix name="hand.L">0.964934 -0.102605 -0.241609 -0.000000 0.148215 0.972643 0.178880 0.166076 0.216645 -0.208417 0.953744 -0.000000 0.000000 0.000000 0.000000 1.000000</pose_matrix>
<pose_matrix name="leg.L">0.996208 0.061436 0.061320 0.067881 0.061318 -0.998111 0.003775 -0.209245 0.061435 -0.000000 -0.998111 0.009967 0.000000 0.000000 0.000000 1.000000</pose_matrix>
<pose_matrix name="calf.L">0.999619 0.018242 0.020712 0.000000 -0.016975 0.998066 -0.059801 0.281646 -0.021763 0.059427 0.997995 0.000000 0.000000 0.000000 0.000000 1.000000</pose_matrix>
<pose_matrix name="foot.L">0.993469 0.049739 -0.102692 0.000000 0.083133 0.300938 0.950013 0.275734 0.078157 -0.952346 0.294837 -0.000000 0.000000 0.000000 0.000000 1.000000</pose_matrix>
<pose_matrix name="forearm.R">0.308415 -0.567107 -0.763721 -0.106319 -0.212354 -0.823644 0.525848 0.226393 -0.927246 -0.000000 -0.374451 -0.005554 0.000000 0.000000 0.000000 1.000000</pose_matrix>
<pose_matrix name="arm.R">0.996839 0.027561 0.074514 -0.000000 -0.032509 0.997288 0.066034 0.212801 -0.072492 -0.068248 0.995031 -0.000000 0.000000 0.000000 0.000000 1.000000</pose_matrix>
<pose_matrix name="hand.R">0.964934 0.102605 0.241609 -0.000000 -0.148215 0.972643 0.178880 0.166076 -0.216645 -0.208417 0.953744 -0.000000 0.000000 0.000000 0.000000 1.000000</pose_matrix>
<pose_matrix name="leg.R">0.996144 -0.061435 -0.061321 -0.069373 -0.074084 -0.969877 -0.232054 -0.209245 -0.045211 0.235722 -0.970768 0.009967 0.000000 0.000000 0.000000 1.000000</pose_matrix>
<pose_matrix name="calf.R">0.996539 0.003556 -0.083051 -0.000000 -0.064090 0.669136 -0.740372 0.281646 0.052940 0.743132 0.667048 -0.000000 0.000000 0.000000 0.000000 1.000000</pose_matrix>
<pose_matrix name="foot.R">0.993469 -0.049741 0.102689 0.000000 -0.083130 0.300938 0.950014 0.275734 -0.078158 -0.952346 0.294837 0.000000 0.000000 0.000000 0.000000 1.000000</pose_matrix>
</keyframe>
<keyframe time="1.250000">
<pose_matrix name="stomach">1.000000 0.000000 0.000000 0.000000 0.000000 0.000000 -1.000000 0.000000 0.000000 1.000000 0.000000 0.000000 0.000000 0.000000 0.000000 1.000000</pose_matrix>
<pose_matrix name="chest">1.000000 0.000000 0.000000 0.000000 0.000000 1.000000 0.000000 0.170581 0.000000 0.000000 1.000000 0.000000 0.000000 0.000000 0.000000 1.000000</pose_matrix>
<pose_matrix name="head">1.000000 0.000000 0.000000 0.000000 0.000000 1.000000 0.000000 0.154730 0.000000 0.000000 1.000000 0.000000 0.000000 0.000000 0.000000 1.000000</pose_matrix>
<pose_matrix name="forearm.L">0.307263 0.571549 0.760868 0.104828 0.374650 -0.807630 0.455380 0.226393 0.874772 0.145138 -0.462286 -0.005554 0.000000 0.000000 0.000000 1.000000</pose_matrix>
<pose_matrix name="arm.L">0.996839 -0.027561 -0.074514 -0.000000 0.032509 0.997288 0.066035 0.212801 0.072492 -0.068248 0.995031 -0.000000 0.000000 0.000000 0.000000 1.000000</pose_matrix>
<pose_matrix name="hand.L">0.964934 -0.102605 -0.241609 -0.000000 0.148215 0.972643 0.178880 0.166076 0.216645 -0.208417 0.953744 -0.000000 0.000000 0.000000 0.000000 1.000000</pose_matrix>
<pose_matrix name="leg.L">0.996208 0.061436 0.061319 0.067881 0.046623 -0.974617 0.218969 -0.209245 0.073215 -0.215283 -0.973803 0.009967 0.000000 0.000000 0.000000 1.000000</pose_matrix>
<pose_matrix name="calf.L">0.999619 0.018242 0.020712 0.000000 -0.016975 0.998066 -0.059801 0.281646 -0.021763 0.059427 0.997995 -0.000000 0.000000 0.000000 0.000000 1.000000</pose_matrix>
<pose_matrix name="foot.L">0.993469 0.049739 -0.102692 -0.000000 0.083133 0.300938 0.950013 0.275734 0.078157 -0.952346 0.294837 0.000000 0.000000 0.000000 0.000000 1.000000</pose_matrix>
<pose_matrix name="forearm.R">0.308415 -0.567107 -0.763721 -0.106319 -0.096547 -0.817374 0.567959 0.226393 -0.946340 -0.101432 -0.306843 -0.005554 0.000000 0.000000 0.000000 1.000000</pose_matrix>
<pose_matrix name="arm.R">0.996839 0.027561 0.074514 0.000000 -0.032509 0.997288 0.066034 0.212801 -0.072492 -0.068248 0.995031 0.000000 0.000000 0.000000 0.000000 1.000000</pose_matrix>
<pose_matrix name="hand.R">0.964934 0.102605 0.241609 -0.000000 -0.148215 0.972643 0.178880 0.166076 -0.216645 -0.208417 0.953744 -0.000000 0.000000 0.000000 0.000000 1.000000</pose_matrix>
<pose_matrix name="leg.R">0.996144 -0.061434 -0.061322 -0.069373 -0.078267 -0.941158 -0.328775 -0.209245 -0.037508 0.332334 -0.942415 0.009967 0.000000 0.000000 0.000000 1.000000</pose_matrix>
<pose_matrix name="calf.R">0.998381 0.000959 -0.056877 -0.000000 -0.029767 0.860844 -0.507997 0.281646 0.048475 0.508868 0.859479 -0.000000 0.000000 0.000000 0.000000 1.000000</pose_matrix>
<pose_matrix name="foot.R">0.993469 -0.049741 0.102689 0.000000 -0.083130 0.300938 0.950014 0.275734 -0.078158 -0.952346 0.294837 -0.000000 0.000000 0.000000 0.000000 1.000000</pose_matrix>
</keyframe>
<keyframe time="1.417000">
<pose_matrix name="stomach">1.000000 0.000000 0.000000 0.000000 0.000000 0.000000 -1.000000 0.000000 0.000000 1.000000 0.000000 0.000000 0.000000 0.000000 0.000000 1.000000</pose_matrix>
<pose_matrix name="chest">1.000000 0.000000 0.000000 0.000000 0.000000 1.000000 0.000000 0.170581 0.000000 0.000000 1.000000 0.000000 0.000000 0.000000 0.000000 1.000000</pose_matrix>
<pose_matrix name="head">1.000000 0.000000 0.000000 0.000000 0.000000 1.000000 0.000000 0.154730 0.000000 0.000000 1.000000 0.000000 0.000000 0.000000 0.000000 1.000000</pose_matrix>
<pose_matrix name="forearm.L">0.307263 0.571549 0.760869 0.104828 0.594385 -0.739667 0.315592 0.226393 0.743166 0.355279 -0.566993 -0.005554 0.000000 0.000000 0.000000 1.000000</pose_matrix>
<pose_matrix name="arm.L">0.996839 -0.027561 -0.074514 0.000000 0.032509 0.997288 0.066035 0.212800 0.072492 -0.068248 0.995031 0.000000 0.000000 0.000000 0.000000 1.000000</pose_matrix>
<pose_matrix name="hand.L">0.964934 -0.102605 -0.241609 0.000000 0.148215 0.972643 0.178880 0.166076 0.216645 -0.208417 0.953744 0.000000 0.000000 0.000000 0.000000 1.000000</pose_matrix>
<pose_matrix name="leg.L">0.996208 0.061437 0.061319 0.067881 0.038316 -0.945142 0.324405 -0.209245 0.077885 -0.320831 -0.943929 0.009967 0.000000 0.000000 0.000000 1.000000</pose_matrix>
<pose_matrix name="calf.L">0.999619 0.018242 0.020712 0.000000 -0.016975 0.998066 -0.059801 0.281646 -0.021763 0.059427 0.997995 0.000000 0.000000 0.000000 0.000000 1.000000</pose_matrix>
<pose_matrix name="foot.L">0.993469 0.049739 -0.102692 0.000000 0.083133 0.300938 0.950013 0.275734 0.078157 -0.952346 0.294837 -0.000000 0.000000 0.000000 0.000000 1.000000</pose_matrix>
<pose_matrix name="forearm.R">0.308415 -0.567107 -0.763721 -0.106319 0.199510 -0.746439 0.634842 0.226393 -0.930095 -0.348164 -0.117070 -0.005554 0.000000 0.000000 0.000000 1.000000</pose_matrix>
<pose_matrix name="arm.R">0.996839 0.027561 0.074514 0.000000 -0.032509 0.997288 0.066034 0.212801 -0.072492 -0.068248 0.995031 0.000000 0.000000 0.000000 0.000000 1.000000</pose_matrix>
<pose_matrix name="hand.R">0.964934 0.102605 0.241609 -0.000000 -0.148215 0.972643 0.178880 0.166076 -0.216645 -0.208417 0.953744 -0.000000 0.000000 0.000000 0.000000 1.000000</pose_matrix>
<pose_matrix name="leg.R">0.996144 -0.061434 -0.061322 -0.069373 -0.077330 -0.948974 -0.305724 -0.209245 -0.039404 0.309313 -0.950143 0.009967 0.000000 0.000000 0.000000 1.000000</pose_matrix>
<pose_matrix name="calf.R">0.999619 -0.018243 -0.020712 -0.000000 0.016976 0.998066 -0.059801 0.281646 0.021763 0.059427 0.997995 0.000000 0.000000 0.000000 0.000000 1.000000</pose_matrix>
<pose_matrix name="foot.R">0.993469 -0.049741 0.102689 -0.000000 -0.083130 0.300938 0.950014 0.275734 -0.078158 -0.952346 0.294837 -0.000000 0.000000 0.000000 0.000000 1.000000</pose_matrix>
</keyframe>
</animation>
</animations>
</mesh>

<mesh name="Cube" vertex_count="36" index_count="36">
</mesh>

</meshes>

<point_lights>
</point_lights>

</asset>
</UntoldEngine>

